Total Cells, Normal Cells, Fast Cells, Slow Cells
81,81,0,0
80,80,0,0
81,81,0,0
83,83,0,0
86,86,0,0
89,89,0,0
91,91,0,0
90,90,0,0
93,93,0,0
94,94,0,0
92,92,0,0
95,95,0,0
96,96,0,0
98,98,0,0
99,99,0,0
98,98,0,0
95,95,0,0
96,96,0,0
98,98,0,0
99,99,0,0
100,100,0,0
100,100,0,0
99,99,0,0
105,105,0,0
107,107,0,0
107,107,0,0
107,107,0,0
109,109,0,0
111,111,0,0
111,111,0,0
114,114,0,0
112,112,0,0
115,115,0,0
114,114,0,0
115,115,0,0
120,120,0,0
125,125,0,0
126,126,0,0
130,130,0,0
132,132,0,0
134,134,0,0
135,135,0,0
136,136,0,0
137,137,0,0
138,138,0,0
138,138,0,0
139,139,0,0
139,139,0,0
138,138,0,0
137,137,0,0
139,139,0,0
138,138,0,0
138,138,0,0
141,141,0,0
147,147,0,0
148,148,0,0
148,148,0,0
150,150,0,0
152,152,0,0
154,154,0,0
153,153,0,0
156,156,0,0
159,159,0,0
159,159,0,0
159,159,0,0
161,161,0,0
164,164,0,0
165,165,0,0
167,167,0,0
171,171,0,0
171,171,0,0
177,177,0,0
180,180,0,0
181,181,0,0
183,183,0,0
186,186,0,0
187,187,0,0
191,191,0,0
199,199,0,0
204,204,0,0
206,206,0,0
207,207,0,0
213,213,0,0
215,215,0,0
214,214,0,0
215,215,0,0
222,222,0,0
221,221,0,0
225,225,0,0
226,226,0,0
229,228,0,1
231,230,0,1
231,230,0,1
233,232,0,1
232,231,0,1
228,227,0,1
232,231,0,1
234,233,0,1
236,235,0,1
241,240,0,1
243,242,0,1
242,239,1,2
245,242,1,2
247,244,1,2
252,249,1,2
254,251,1,2
254,251,1,2
259,256,1,2
260,257,1,2
264,262,0,2
264,262,0,2
264,262,0,2
265,263,0,2
266,263,0,3
268,264,0,4
268,264,0,4
272,268,0,4
279,275,0,4
280,276,0,4
287,282,0,5
288,283,0,5
287,282,0,5
291,286,0,5
291,285,0,6
295,289,0,6
299,293,0,6
304,298,0,6
299,292,0,7
299,294,0,5
306,301,0,5
303,298,0,5
303,298,0,5
296,291,0,5
297,291,0,6
301,295,0,6
305,298,0,7
311,304,0,7
317,310,0,7
321,313,0,8
322,313,0,9
323,314,0,9
329,321,0,8
331,322,0,9
331,323,0,8
335,326,0,9
337,329,0,8
340,332,0,8
343,335,0,8
346,337,0,9
355,346,0,9
360,351,0,9
357,347,0,10
360,350,0,10
362,352,0,10
363,353,0,10
364,354,0,10
364,354,0,10
369,358,0,11
376,365,0,11
376,364,0,12
377,365,0,12
377,365,0,12
384,372,0,12
389,377,0,12
391,379,0,12
390,378,0,12
394,382,0,12
395,383,0,12
395,383,0,12
395,383,0,12
398,386,0,12
402,390,0,12
403,391,0,12
402,390,0,12
407,393,0,14
409,395,0,14
407,394,0,13
406,393,0,13
406,394,0,12
412,400,0,12
412,400,0,12
411,399,0,12
410,398,0,12
410,398,0,12
411,399,0,12
407,396,0,11
413,402,0,11
420,408,0,12
425,412,0,13
429,415,0,14
434,420,0,14
436,421,0,15
433,418,0,15
437,422,0,15
443,427,0,16
445,429,0,16
457,441,0,16
456,440,0,16
458,442,0,16
460,443,0,17
465,447,0,18
471,454,0,17
474,457,0,17
475,458,0,17
482,465,0,17
485,468,0,17
489,472,0,17
491,474,0,17
491,474,0,17
498,480,0,18
497,479,0,18
497,479,0,18
499,481,0,18
501,483,0,18
509,490,0,19
514,495,0,19
523,504,0,19
527,507,0,20
530,509,0,21
531,510,0,21
532,509,0,23
530,507,0,23
537,514,0,23
542,518,0,24
550,526,0,24
558,533,0,25
558,533,0,25
557,531,0,26
556,530,0,26
560,534,0,26
562,534,1,27
568,540,1,27
569,540,1,28
570,542,1,27
579,551,1,27
581,553,1,27
582,554,1,27
586,558,1,27
594,566,1,27
602,573,2,27
605,576,2,27
611,582,2,27
611,582,2,27
613,584,2,27
618,589,2,27
624,595,2,27
624,596,2,26
626,599,2,25
628,601,2,25
635,609,2,24
642,616,2,24
639,615,2,22
642,618,2,22
652,627,3,22
653,628,3,22
650,624,4,22
649,623,4,22
651,626,4,21
657,632,4,21
656,630,4,22
658,632,4,22
662,636,3,23
657,631,3,23
665,639,3,23
666,641,3,22
681,656,3,22
682,657,3,22
687,662,3,22
691,665,3,23
691,665,3,23
693,668,2,23
693,668,2,23
703,678,2,23
709,683,2,24
712,687,2,23
711,686,2,23
709,684,2,23
710,686,2,22
716,693,2,21
722,699,2,21
727,704,2,21
730,707,2,21
734,711,2,21
741,717,3,21
749,724,3,22
757,731,3,23
754,729,2,23
760,735,2,23
764,738,2,24
773,747,2,24
777,750,3,24
786,758,4,24
790,762,4,24
798,770,4,24
805,777,4,24
809,780,4,25
813,784,4,25
811,781,4,26
820,789,4,27
820,789,4,27
827,794,4,29
834,800,4,30
837,803,4,30
845,811,4,30
852,817,4,31
855,818,4,33
864,827,4,33
880,843,4,33
888,851,4,33
892,855,4,33
894,857,4,33
900,863,4,33
900,863,4,33
904,867,4,33
909,872,4,33
910,873,4,33
911,874,4,33
916,879,4,33
912,876,3,33
916,879,3,34
919,882,3,34
917,880,3,34
926,888,3,35
937,899,3,35
938,900,3,35
944,906,3,35
948,911,3,34
952,915,3,34
958,921,3,34
962,925,3,34
965,928,3,34
964,927,3,34
972,935,3,34
974,938,3,33
975,939,3,33
981,944,3,34
986,949,3,34
985,948,3,34
988,951,3,34
990,953,3,34
986,949,3,34
995,959,3,33
997,961,3,33
1002,966,3,33
1003,967,3,33
1005,968,4,33
1019,981,4,34
1026,989,4,33
1034,997,4,33
1035,996,5,34
1032,994,5,33
1038,1000,5,33
1038,999,6,33
1041,1003,6,32
1046,1007,6,33
1051,1012,5,34
1051,1011,5,35
1064,1023,5,36
1069,1028,5,36
1071,1029,5,37
1089,1047,5,37
1105,1062,6,37
1100,1057,6,37
1107,1065,6,36
1113,1071,6,36
1118,1075,6,37
1130,1087,6,37
1127,1084,6,37
1138,1096,6,36
1141,1099,6,36
1154,1112,6,36
1162,1120,6,36
1169,1127,6,36
1176,1135,6,35
1182,1141,6,35
1187,1145,7,35
1202,1160,7,35
1212,1169,7,36
1211,1168,7,36
1215,1173,6,36
1218,1176,6,36
1219,1177,7,35
1232,1190,7,35
1240,1198,7,35
1241,1199,7,35
1240,1198,7,35
1252,1211,7,34
1257,1213,7,37
1250,1206,7,37
1258,1214,7,37
1263,1219,6,38
1267,1222,7,38
1269,1224,7,38
1278,1232,8,38
1279,1232,8,39
1285,1238,8,39
1279,1231,8,40
1281,1233,8,40
1293,1245,8,40
1291,1243,8,40
1296,1247,9,40
1299,1250,9,40
1301,1251,9,41
1307,1257,9,41
1308,1258,9,41
1312,1261,9,42
1316,1265,9,42
1318,1270,9,39
1317,1268,10,39
1317,1269,9,39
1323,1273,10,40
1319,1269,10,40
1322,1273,10,39
1333,1283,10,40
1341,1288,11,42
1350,1296,12,42
1353,1300,11,42
1361,1307,11,43
1363,1310,10,43
1368,1315,9,44
1368,1315,9,44
1377,1324,9,44
1398,1345,9,44
1407,1354,9,44
1416,1362,10,44
1425,1371,11,43
1424,1371,11,42
1436,1379,13,44
1446,1389,13,44
1453,1396,13,44
1452,1395,13,44
1458,1401,12,45
1471,1413,13,45
1479,1421,13,45
1480,1422,13,45
1492,1435,12,45
1497,1440,12,45
1505,1448,12,45
1514,1457,13,44
1515,1457,14,44
1509,1451,14,44
1516,1458,14,44
1522,1465,14,43
1527,1472,14,41
1532,1477,14,41
1526,1471,13,42
1524,1467,12,45
1520,1462,12,46
1528,1469,12,47
1535,1475,13,47
1561,1500,14,47
1565,1503,15,47
1567,1504,15,48
1577,1512,16,49
1587,1522,16,49
1595,1530,16,49
1599,1535,16,48
1602,1540,15,47
1604,1541,16,47
1609,1544,18,47
1615,1553,16,46
1618,1556,16,46
1621,1557,18,46
1629,1565,18,46
1635,1570,19,46
1644,1579,19,46
1650,1583,19,48
1653,1588,18,47
1665,1601,18,46
1687,1623,18,46
1691,1627,18,46
1703,1639,18,46
1714,1649,20,45
1716,1651,20,45
1724,1660,19,45
1724,1661,19,44
1731,1666,20,45
1731,1664,22,45
1735,1669,22,44
1751,1683,23,45
1750,1680,23,47
1753,1684,22,47
1753,1684,22,47
1748,1682,21,45
1762,1693,22,47
1768,1699,23,46
1770,1701,23,46
1774,1705,23,46
1785,1714,24,47
1801,1730,24,47
1813,1743,24,46
1807,1736,24,47
1812,1738,24,50
1827,1752,25,50
1835,1761,24,50
1827,1753,24,50
1842,1768,25,49
1844,1771,25,48
1852,1777,26,49
1859,1783,27,49
1866,1789,28,49
1878,1800,29,49
1872,1794,29,49
1884,1806,30,48
1897,1819,29,49
1909,1831,30,48
1906,1827,31,48
1909,1828,32,49
1924,1842,31,51
1925,1842,31,52
1939,1856,32,51
1955,1870,32,53
1946,1863,31,52
1954,1868,32,54
1969,1880,33,56
1967,1876,35,56
1982,1892,35,55
1991,1901,36,54
1987,1897,36,54
1994,1903,37,54
2002,1911,37,54
2009,1919,36,54
2013,1923,35,55
2028,1938,35,55
2042,1950,36,56
2062,1970,37,55
2063,1974,34,55
2065,1974,37,54
2073,1982,37,54
2083,1991,37,55
2087,1992,39,56
2094,1998,40,56
2096,2002,38,56
2105,2011,38,56
2115,2018,40,57
2130,2030,40,60
2127,2026,42,59
2127,2026,42,59
2132,2030,43,59
2145,2042,43,60
2147,2044,42,61
2147,2044,42,61
2153,2049,43,61
2161,2056,43,62
2168,2064,43,61
2170,2064,45,61
2158,2051,46,61
2167,2060,46,61
2190,2084,44,62
2193,2085,44,64
2204,2096,44,64
2204,2096,44,64
2210,2103,43,64
2224,2117,44,63
2217,2112,43,62
2223,2118,43,62
2219,2115,43,61
2221,2118,42,61
2223,2119,42,62
2235,2129,42,64
2233,2127,44,62
2242,2136,44,62
2249,2143,44,62
2266,2159,45,62
2262,2156,44,62
2275,2168,44,63
2281,2173,44,64
2284,2177,43,64
2293,2186,44,63
2293,2185,45,63
2307,2199,45,63
2321,2212,45,64
2319,2209,46,64
2327,2215,47,65
2327,2216,47,64
2336,2226,46,64
2347,2236,47,64
2353,2240,49,64
2355,2243,49,63
2354,2243,48,63
2359,2249,48,62
2351,2239,49,63
2349,2236,49,64
2358,2243,51,64
2365,2249,51,65
2382,2265,53,64
2397,2278,55,64
2407,2286,57,64
2415,2291,58,66
2425,2302,58,65
2432,2307,60,65
2434,2307,61,66
2449,2322,61,66
2451,2323,62,66
2461,2334,61,66
2482,2353,63,66
2477,2349,63,65
2485,2357,62,66
2493,2366,60,67
2494,2366,60,68
2504,2378,60,66
2523,2393,64,66
2541,2411,63,67
2546,2416,63,67
2561,2425,66,70
2574,2435,67,72
2574,2435,67,72
2586,2446,67,73
2584,2444,65,75
2587,2446,65,76
2588,2446,65,77
2612,2469,65,78
2612,2473,64,75
2629,2487,64,78
2634,2493,65,76
2639,2499,65,75
2648,2510,63,75
2657,2522,61,74
2655,2519,62,74
2650,2512,62,76
2676,2539,61,76
2677,2544,59,74
2690,2556,60,74
2695,2561,59,75
2696,2559,61,76
2690,2553,60,77
2701,2565,62,74
2713,2576,62,75
2729,2592,63,74
2730,2593,64,73
2750,2612,64,74
2766,2630,64,72
2771,2632,67,72
2789,2651,67,71
2796,2659,66,71
2800,2662,66,72
2807,2670,66,71
2809,2669,68,72
2818,2679,66,73
2811,2676,63,72
2807,2673,63,71
2816,2680,64,72
2828,2690,65,73
2834,2696,65,73
2836,2699,65,72
2842,2703,67,72
2847,2710,65,72
2868,2732,65,71
2872,2732,67,73
2866,2726,67,73
2873,2731,68,74
2871,2728,69,74
2873,2730,68,75
2890,2747,68,75
2899,2752,73,74
2912,2765,73,74
2927,2781,73,73
2931,2784,73,74
2929,2783,72,74
2931,2785,71,75
2939,2795,69,75
2941,2796,70,75
2941,2798,69,74
2955,2811,69,75
2972,2828,70,74
2992,2848,70,74
2983,2840,69,74
2989,2844,69,76
3007,2862,68,77
3020,2874,69,77
3024,2878,70,76
3035,2889,70,76
3030,2884,70,76
3038,2892,70,76
3043,2896,71,76
3045,2900,68,77
3057,2908,69,80
3072,2921,70,81
3095,2945,70,80
3102,2952,71,79
3112,2957,73,82
3117,2964,74,79
3124,2971,75,78
3147,2996,74,77
3164,3006,78,80
3176,3011,81,84
3193,3030,78,85
3203,3039,78,86
3197,3027,83,87
3201,3031,83,87
3193,3024,82,87
3200,3028,85,87
3204,3036,84,84
3220,3049,86,85
3231,3061,85,85
3235,3064,85,86
3249,3075,89,85
3255,3081,89,85
3263,3090,88,85
3269,3093,88,88
3289,3111,90,88
3304,3123,90,91
3320,3136,92,92
3328,3141,94,93
3339,3152,95,92
3345,3156,97,92
3356,3166,97,93
3364,3171,98,95
3370,3177,98,95
3376,3181,98,97
3383,3188,95,100
3375,3180,96,99
3371,3175,97,99
3374,3178,96,100
3372,3171,99,102
3390,3190,98,102
3389,3189,98,102
3396,3195,99,102
3416,3215,100,101
3409,3208,100,101
3416,3215,100,101
3438,3235,101,102
3444,3242,100,102
3442,3241,97,104
3450,3246,98,106
3461,3253,104,104
3459,3249,104,106
3469,3259,102,108
3454,3244,102,108
3455,3247,100,108
3457,3248,101,108
3473,3262,102,109
3494,3281,104,109
3523,3309,103,111
3536,3320,103,113
3546,3329,103,114
3538,3322,102,114
3549,3330,105,114
3575,3352,109,114
3587,3363,109,115
3594,3370,110,114
3584,3359,108,117
3583,3356,109,118
3580,3354,108,118
3591,3366,107,118
3601,3374,106,121
3609,3379,107,123
3627,3391,110,126
3630,3396,110,124
3639,3404,110,125
3648,3413,110,125
3648,3415,108,125
3659,3421,109,129
3657,3421,107,129
3664,3425,110,129
3661,3417,113,131
3669,3423,114,132
3677,3429,116,132
3692,3441,119,132
3696,3442,119,135
3715,3462,119,134
3731,3474,122,135
3729,3469,122,138
3742,3479,123,140
3743,3481,120,142
3748,3488,118,142
3739,3478,117,144
3741,3476,120,145
3744,3481,118,145
3744,3481,119,144
3752,3484,122,146
3761,3491,124,146
3783,3513,126,144
3798,3527,126,145
3796,3523,127,146
3808,3531,130,147
3829,3551,129,149
3839,3562,126,151
3870,3588,128,154
3878,3595,130,153
3881,3597,130,154
3896,3608,130,158
3914,3625,130,159
3911,3620,131,160
3928,3636,130,162
3930,3637,132,161
3934,3641,133,160
3934,3638,131,165
3951,3656,132,163
3945,3650,133,162
3944,3650,131,163
3968,3667,133,168
3979,3674,136,169
3977,3671,137,169
3979,3669,138,172
3970,3660,138,172
3976,3670,136,170
3981,3678,133,170
3980,3678,133,169
3982,3682,132,168
3994,3691,134,169
4006,3698,137,171
4017,3707,138,172
4016,3710,138,168
4033,3727,137,169
4057,3751,138,168
4069,3759,140,170
4087,3777,137,173
4102,3789,140,173
4122,3808,141,173
4128,3816,140,172
4146,3835,139,172
4149,3842,135,172
4160,3849,139,172
4159,3847,140,172
4177,3867,139,171
4192,3880,141,171
4207,3894,140,173
4207,3899,136,172
4206,3896,138,172
4234,3921,138,175
4240,3929,137,174
4247,3935,140,172
4254,3941,141,172
4263,3943,143,177
4271,3948,146,177
4275,3951,148,176
4291,3974,144,173
4300,3980,146,174
4317,3995,147,175
4329,4005,149,175
4320,4000,147,173
4311,3991,146,174
4311,3992,145,174
4320,4000,147,173
4330,4005,148,177
4348,4022,151,175
4353,4029,151,173
4363,4039,151,173
4360,4032,152,176
4376,4046,153,177
4374,4038,156,180
4379,4039,157,183
4389,4045,161,183
4408,4062,160,186
4415,4066,160,189
4422,4066,166,190
4435,4079,163,193
4439,4088,157,194
4459,4105,158,196
4482,4130,156,196
4487,4136,157,194
4511,4154,161,196
4527,4176,158,193
4541,4185,159,197
4542,4182,161,199
4560,4197,162,201
4578,4211,164,203
4567,4197,166,204
4571,4202,166,203
4587,4212,169,206
4595,4220,170,205
4597,4218,171,208
4612,4231,170,211
4610,4227,172,211
4621,4236,173,212
4630,4246,172,212
4629,4244,174,211
4652,4267,175,210
4651,4268,175,208
4661,4285,171,205
4674,4298,170,206
4675,4300,169,206
4685,4307,171,207
4689,4309,175,205
4691,4310,174,207
4697,4309,175,213
4709,4318,177,214
4723,4331,177,215
4738,4342,179,217
4756,4361,177,218
4765,4363,183,219
4771,4368,183,220
4772,4370,183,219
4773,4370,181,222
4783,4378,182,223
4795,4387,184,224
4804,4393,184,227
4805,4391,184,230
4813,4396,186,231
4822,4405,185,232
4849,4432,183,234
4862,4444,184,234
4867,4446,185,236
4872,4451,184,237
4889,4466,182,241
4894,4471,183,240
4906,4480,185,241
4924,4494,185,245
4920,4485,188,247
4936,4499,188,249
4960,4521,190,249
4956,4519,191,246
4954,4513,194,247
4942,4500,195,247
4962,4519,192,251
4969,4525,194,250
4958,4517,192,249
4984,4538,195,251
4986,4540,194,252
4998,4553,193,252
5001,4556,190,255
4998,4550,191,257
5004,4555,193,256
5011,4564,192,255
5018,4573,191,254
5047,4602,194,251
5049,4600,194,255
5065,4616,194,255
5074,4627,192,255
5078,4632,190,256
5081,4630,192,259
5099,4645,191,263
5107,4654,191,262
5117,4659,192,266
5115,4655,192,268
5133,4668,196,269
5147,4683,193,271
5159,4695,193,271
5158,4697,190,271
5175,4708,196,271
5199,4727,200,272
5200,4726,200,274
5218,4743,199,276
5237,4760,199,278
5231,4760,196,275
5246,4772,195,279
5241,4768,196,277
5239,4767,195,277
5246,4769,196,281
5246,4767,198,281
5264,4778,202,284
5277,4793,199,285
5291,4806,200,285
5295,4807,201,287
5307,4817,201,289
5333,4845,200,288
5366,4878,200,288
5376,4889,200,287
5390,4901,202,287
5399,4906,205,288
5407,4915,203,289
5428,4931,205,292
5430,4932,205,293
5441,4935,208,298
5457,4949,214,294
5472,4961,216,295
5461,4952,215,294
5471,4964,213,294
5480,4973,211,296
5477,4969,208,300
5490,4983,207,300
5504,4995,207,302
5522,5015,207,300
5524,5011,211,302
5511,4994,213,304
5521,4998,217,306
5531,5006,218,307
5536,5008,221,307
5540,5017,219,304
5545,5022,215,308
5531,5003,220,308
5542,5011,220,311
5563,5032,224,307
5573,5035,229,309
5572,5033,230,309
5594,5055,230,309
5612,5072,231,309
5611,5073,228,310
5602,5062,229,311
5632,5092,229,311
5636,5088,233,315
5613,5064,231,318
5637,5083,233,321
5670,5116,231,323
5678,5121,233,324
5705,5145,235,325
5727,5162,236,329
5725,5165,231,329
5732,5174,228,330
5754,5191,230,333
5789,5219,235,335
5800,5228,237,335
5809,5232,242,335
5810,5237,240,333
5819,5248,239,332
5848,5267,243,338
5848,5267,244,337
5865,5285,244,336
5881,5294,246,341
5874,5285,246,343
5878,5289,248,341
5879,5291,248,340
5877,5285,253,339
5885,5286,256,343
5904,5305,258,341
5915,5312,259,344
5924,5322,256,346
5926,5316,261,349
5930,5317,260,353
5933,5312,265,356
5941,5323,262,356
5928,5311,261,356
5937,5316,261,360
5942,5322,260,360
5936,5313,264,359
5948,5324,265,359
5982,5348,271,363
5996,5359,269,368
6010,5376,270,364
6017,5378,270,369
6014,5376,271,367
6050,5405,279,366
6050,5400,279,371
6052,5404,278,370
6061,5416,274,371
6063,5419,274,370
6088,5440,277,371
6086,5431,279,376
6105,5448,280,377
6108,5451,282,375
6122,5463,287,372
6135,5469,291,375
6165,5492,294,379
6180,5508,293,379
6191,5524,291,376
6207,5539,295,373
6223,5549,296,378
6251,5570,299,382
6255,5570,301,384
6264,5576,300,388
6269,5588,293,388
6285,5597,299,389
6297,5609,301,387
6298,5614,296,388
6316,5630,295,391
6301,5616,294,391
6314,5622,300,392
6323,5625,301,397
6338,5636,305,397
6348,5648,305,395
6378,5674,304,400
6404,5694,310,400
6441,5717,315,409
6441,5721,316,404
6428,5700,321,407
6437,5703,323,411
6443,5705,323,415
6481,5741,325,415
6506,5761,325,420
6521,5768,327,426
6531,5777,330,424
6543,5790,325,428
6566,5807,329,430
6563,5801,330,432
6605,5841,332,432
6613,5846,333,434
6589,5823,330,436
6590,5826,325,439
6604,5843,318,443
6631,5871,317,443
6615,5864,310,441
6629,5876,308,445
6631,5875,312,444
6635,5884,308,443
6618,5863,311,444
6648,5888,318,442
6672,5903,322,447
6679,5915,317,447
6679,5922,312,445
6691,5938,309,444
6704,5949,311,444
6710,5953,314,443
6730,5972,316,442
6754,5989,316,449
6751,5980,318,453
6752,5980,321,451
6762,5989,323,450
6774,6004,321,449
6756,5984,321,451
6780,5998,328,454
6789,6005,333,451
6806,6018,337,451
6827,6035,334,458
6827,6031,335,461
6846,6039,340,467
6860,6048,343,469
6856,6052,337,467
6861,6057,337,467
6850,6047,338,465
6865,6058,345,462
6886,6074,349,463
6896,6082,348,466
6909,6096,348,465
6906,6085,354,467
6917,6095,356,466
6938,6117,351,470
6955,6132,349,474
6953,6130,347,476
6964,6142,349,473
6969,6151,345,473
7016,6189,343,484
7023,6191,347,485
7042,6213,346,483
7046,6213,347,486
7070,6227,352,491
7100,6255,351,494
7115,6270,352,493
7103,6257,354,492
7124,6279,351,494
7111,6262,353,496
7114,6272,347,495
7123,6280,349,494
7137,6282,356,499
7171,6306,364,501
7179,6305,370,504
7192,6312,372,508
7192,6307,373,512
7189,6311,368,510
7205,6325,368,512
7223,6335,374,514
7254,6364,376,514
7279,6383,384,512
7302,6404,388,510
7298,6401,386,511
7316,6413,389,514
7321,6417,390,514
7307,6401,393,513
7301,6392,393,516
7323,6405,400,518
7332,6407,403,522
7348,6420,407,521
7353,6425,409,519
7358,6424,412,522
7377,6435,415,527
7391,6452,409,530
7403,6461,411,531
7412,6469,413,530
7436,6485,418,533
7442,6496,415,531
7432,6477,418,537
7452,6500,421,531
7488,6521,431,536
7516,6551,432,533
7541,6576,429,536
7526,6566,422,538
7537,6585,419,533
7554,6595,420,539
7558,6597,417,544
7562,6601,417,544
7574,6614,415,545
7575,6609,419,547
7591,6616,426,549
7622,6643,424,555
7642,6652,432,558
7638,6649,429,560
7657,6660,437,560
7654,6655,437,562
7666,6675,431,560
7671,6677,431,563
7694,6697,431,566
7699,6706,430,563
7722,6726,431,565
7737,6742,430,565
7769,6776,429,564
7782,6798,425,559
7810,6824,427,559
7825,6832,433,560
7845,6849,434,562
7858,6855,443,560
7873,6867,440,566
7881,6874,440,567
7913,6905,445,563
7931,6917,447,567
7925,6918,441,566
7924,6909,444,571
7948,6924,450,574
7929,6906,452,571
7929,6913,451,565
7927,6908,449,570
7945,6915,454,576
7965,6934,456,575
7973,6945,452,576
7987,6946,456,585
8009,6966,458,585
8036,6985,460,591
8051,6992,465,594
8057,7004,461,592
8065,7010,464,591
8089,7027,471,591
8104,7036,476,592
8129,7045,488,596
8151,7062,487,602
8175,7081,487,607
8194,7101,486,607
8218,7123,485,610
8248,7149,489,610
8262,7157,488,617
8261,7156,493,612
8272,7169,493,610
8279,7167,498,614
8291,7172,499,620
8319,7196,502,621
8350,7227,505,618
8378,7249,512,617
8407,7274,516,617
8423,7287,518,618
8421,7283,518,620
8436,7300,518,618
8445,7314,515,616
8460,7327,514,619
8481,7331,526,624
8505,7351,526,628
8506,7359,522,625
8538,7395,518,625
8540,7391,522,627
8550,7405,520,625
8549,7394,524,631
8598,7440,527,631
8596,7435,525,636
8603,7436,530,637
8581,7415,524,642
8586,7423,528,635
8601,7433,531,637
8636,7460,536,640
8638,7463,538,637
8663,7488,537,638
8649,7472,539,638
8639,7459,541,639
8650,7466,541,643
8676,7481,550,645
8699,7500,552,647
8700,7504,553,643
8704,7503,555,646
8716,7514,554,648
8745,7542,555,648
8776,7569,554,653
8786,7563,565,658
8815,7590,565,660
8816,7584,570,662
8836,7597,572,667
8821,7584,570,667
8836,7595,574,667
8838,7597,572,669
8838,7599,571,668
8845,7605,569,671
8878,7631,570,677
8876,7628,567,681
8867,7616,567,684
8886,7624,580,682
8898,7636,577,685
8902,7632,583,687
8921,7649,578,694
8937,7664,574,699
8941,7668,573,700
8927,7659,570,698
8951,7681,572,698
8950,7675,580,695
8988,7706,586,696
9001,7719,586,696
9029,7733,596,700
9024,7724,596,704
9001,7707,591,703
9010,7717,592,701
9021,7724,584,713
9046,7752,584,710
9058,7759,585,714
9088,7779,590,719
9105,7792,593,720
9122,7795,599,728
9129,7795,600,734
9154,7812,605,737
9149,7815,597,737
9156,7824,598,734
9197,7867,593,737
9210,7873,598,739
9234,7888,603,743
9250,7897,603,750
9249,7895,601,753
9241,7887,599,755
9253,7903,597,753
9235,7883,597,755
9236,7876,601,759
9268,7903,604,761
9286,7921,605,760
9297,7931,604,762
9321,7952,604,765
9330,7955,605,770
9335,7961,608,766
9364,7984,611,769
9379,7995,609,775
9401,8009,617,775
9430,8036,622,772
9449,8041,632,776
9458,8045,634,779
9469,8051,639,779
9496,8063,645,788
9504,8073,643,788
9528,8095,642,791
9542,8107,649,786
9558,8121,651,786
9574,8136,655,783
9560,8123,653,784
9551,8122,647,782
9590,8156,646,788
9607,8172,647,788
9628,8191,645,792
9621,8186,644,791
9628,8194,640,794
9643,8207,640,796
9656,8216,643,797
9654,8219,638,797
9655,8217,642,796
9699,8250,646,803
9713,8270,647,796
9693,8246,654,793
9698,8245,655,798
9732,8278,654,800
9760,8298,664,798
9777,8311,667,799
9782,8310,665,807
9794,8325,663,806
9827,8350,670,807
9836,8350,677,809
9835,8363,661,811
9855,8373,667,815
9855,8372,666,817
9888,8397,668,823
9884,8397,669,818
9896,8403,673,820
9893,8403,668,822
9913,8423,668,822
9918,8428,663,827
9927,8431,668,828
9951,8455,666,830
9961,8464,666,831
9949,8457,656,836
9952,8458,655,839
9951,8455,653,843
9981,8474,664,843
9999,8482,669,848
10014,8488,673,853
10056,8518,684,854
10046,8497,687,862
10056,8516,681,859
10071,8530,684,857
10091,8545,681,865
10098,8543,689,866
10096,8547,688,861
10116,8574,679,863
10138,8586,683,869
10170,8618,677,875
10179,8620,681,878
10197,8622,685,890
10210,8630,684,896
10229,8645,686,898
10279,8685,691,903
10284,8685,693,906
10302,8702,690,910
10327,8722,692,913
10352,8733,702,917
10359,8745,698,916
10361,8748,699,914
10349,8727,708,914
10375,8749,711,915
10388,8763,710,915
10382,8751,717,914
10378,8754,711,913
10398,8771,715,912
10390,8758,720,912
10414,8780,719,915
10421,8773,728,920
10449,8791,727,931
10446,8787,722,937
10453,8788,723,942
10466,8791,729,946
10484,8801,733,950
10506,8818,737,951
10536,8842,741,953
10561,8868,739,954
10553,8868,735,950
10559,8864,742,953
10564,8873,740,951
10561,8868,741,952
10607,8913,742,952
10609,8912,747,950
10638,8935,754,949
10665,8960,759,946
10670,8960,757,953
10684,8966,759,959
10685,8967,762,956
10712,8997,762,953
10730,9011,768,951
10747,9023,767,957
10762,9031,768,963
10784,9043,778,963
10794,9045,783,966
10818,9060,784,974
10819,9068,778,973
10821,9075,766,980
10847,9087,776,984
10849,9081,780,988
10860,9092,780,988
10874,9096,786,992
10869,9092,787,990
10880,9096,787,997
10884,9094,785,1005
10889,9094,785,1010
10919,9108,794,1017
10920,9111,796,1013
10963,9146,801,1016
10975,9156,800,1019
10979,9155,803,1021
10987,9161,799,1027
11013,9191,793,1029
11021,9202,788,1031
11027,9211,789,1027
11014,9197,793,1024
11005,9171,802,1032
11025,9189,800,1036
11012,9188,790,1034
11034,9196,799,1039
11057,9212,800,1045
11093,9244,802,1047
11087,9241,803,1043
11106,9248,803,1055
11163,9288,816,1059
11187,9304,823,1060
11219,9329,829,1061
11248,9350,835,1063
11262,9372,834,1056
11281,9387,835,1059
11284,9392,830,1062
11304,9405,838,1061
11330,9427,841,1062
11330,9416,847,1067
11328,9424,837,1067
11300,9395,837,1068
11305,9394,845,1066
11328,9406,852,1070
11334,9406,854,1074
11356,9426,857,1073
11378,9441,861,1076
11363,9424,863,1076
11387,9446,864,1077
11398,9447,867,1084
11428,9463,877,1088
11446,9474,882,1090
11482,9497,886,1099
11513,9525,886,1102
11523,9536,888,1099
11520,9525,893,1102
11537,9529,900,1108
11547,9533,902,1112
11571,9553,906,1112
11568,9553,904,1111
11586,9562,907,1117
11605,9579,908,1118
11625,9595,909,1121
11623,9601,900,1122
11651,9616,908,1127
11660,9623,909,1128
11642,9615,905,1122
11648,9625,901,1122
11680,9650,906,1124
11702,9671,909,1122
11742,9704,916,1122
11747,9699,929,1119
11754,9710,925,1119
11776,9728,934,1114
11797,9750,928,1119
11817,9759,937,1121
11821,9757,938,1126
11844,9771,941,1132
11817,9740,945,1132
11860,9776,947,1137
11877,9787,955,1135
11875,9784,956,1135
11875,9774,960,1141
11877,9777,955,1145
11913,9816,952,1145
11959,9850,958,1151
11948,9838,959,1151
11975,9859,965,1151
12014,9895,965,1154
12049,9920,971,1158
12081,9945,975,1161
12103,9956,979,1168
12100,9960,977,1163
12098,9954,979,1165
12135,9976,984,1175
12150,9974,994,1182
12165,9986,994,1185
12166,9989,995,1182
12191,10009,998,1184
12204,10011,1010,1183
12221,10025,1015,1181
12241,10034,1027,1180
12279,10051,1045,1183
12321,10082,1048,1191
12347,10099,1049,1199
12355,10108,1049,1198
12358,10103,1049,1206
12398,10129,1059,1210
12425,10150,1060,1215
12433,10145,1067,1221
12421,10140,1070,1211
12430,10141,1070,1219
12441,10151,1071,1219
12458,10158,1078,1222
12468,10173,1074,1221
12494,10200,1075,1219
12520,10204,1085,1231
12540,10220,1080,1240
12557,10239,1078,1240
12574,10242,1088,1244
12563,10226,1091,1246
12589,10246,1095,1248
12597,10244,1103,1250
12618,10256,1106,1256
12659,10282,1123,1254
12686,10299,1126,1261
12709,10300,1139,1270
12736,10310,1148,1278
12730,10312,1141,1277
12750,10325,1142,1283
12762,10342,1133,1287
12785,10356,1137,1292
12824,10385,1141,1298
12834,10398,1134,1302
12820,10383,1130,1307
12848,10394,1132,1322
12861,10402,1138,1321
12909,10435,1143,1331
12940,10457,1150,1333
12967,10486,1147,1334
12967,10482,1151,1334
12956,10475,1145,1336
12925,10448,1145,1332
12919,10437,1145,1337
12924,10444,1144,1336
12925,10441,1149,1335
12957,10471,1151,1335
12959,10461,1153,1345
12978,10473,1157,1348
13009,10492,1167,1350
13022,10503,1168,1351
13058,10525,1177,1356
13066,10534,1180,1352
13108,10566,1183,1359
13099,10547,1182,1370
13123,10552,1195,1376
13152,10576,1200,1376
13134,10560,1200,1374
13137,10560,1198,1379
13172,10589,1204,1379
13175,10586,1211,1378
13186,10586,1213,1387
13213,10602,1220,1391
13210,10601,1216,1393
13218,10592,1226,1400
13239,10606,1233,1400
13263,10626,1234,1403
13286,10646,1232,1408
13280,10642,1225,1413
13269,10636,1222,1411
13293,10641,1227,1425
13284,10630,1226,1428
13327,10670,1226,1431
13353,10682,1238,1433
13361,10697,1231,1433
13376,10710,1232,1434
13389,10721,1234,1434
13383,10706,1241,1436
13397,10716,1245,1436
13398,10712,1251,1435
13449,10743,1264,1442
13440,10726,1265,1449
13486,10769,1262,1455
13518,10780,1272,1466
13534,10780,1292,1462
13556,10805,1285,1466
13576,10822,1290,1464
13574,10814,1291,1469
13591,10830,1292,1469
13624,10858,1301,1465
13643,10876,1304,1463
13665,10878,1312,1475
13663,10874,1321,1468
13676,10884,1321,1471
13703,10891,1338,1474
13732,10912,1335,1485
13767,10944,1336,1487
13769,10937,1342,1490
13764,10925,1347,1492
13779,10938,1351,1490
13790,10930,1363,1497
13799,10926,1378,1495
13808,10943,1376,1489
13833,10956,1377,1500
13859,10959,1387,1513
13862,10961,1383,1518
13871,10967,1387,1517
13905,10993,1388,1524
13948,11034,1387,1527
13954,11030,1393,1531
13969,11032,1401,1536
13968,11017,1409,1542
14017,11058,1413,1546
14016,11052,1418,1546
14036,11075,1416,1545
14057,11072,1429,1556
14059,11067,1435,1557
14075,11065,1445,1565
14098,11082,1450,1566
14091,11073,1451,1567
14090,11078,1447,1565
14092,11074,1451,1567
14130,11105,1453,1572
14161,11137,1448,1576
14209,11160,1460,1589
14211,11161,1450,1600
14185,11138,1445,1602
14203,11149,1448,1606
14241,11173,1458,1610
14282,11201,1472,1609
14302,11207,1484,1611
14321,11209,1496,1616
14322,11196,1503,1623
14355,11219,1516,1620
14345,11214,1512,1619
14367,11227,1516,1624
14365,11224,1521,1620
14388,11230,1535,1623
14451,11284,1542,1625
14452,11290,1547,1615
14462,11292,1556,1614
14494,11317,1562,1615
14546,11350,1576,1620
14542,11352,1570,1620
14554,11354,1574,1626
14538,11345,1572,1621
14505,11310,1566,1629
14493,11291,1570,1632
14506,11306,1569,1631
14541,11323,1585,1633
14545,11321,1589,1635
14572,11329,1599,1644
14605,11352,1602,1651
14636,11361,1618,1657
14623,11346,1618,1659
14639,11356,1623,1660
14657,11369,1624,1664
14665,11390,1614,1661
14684,11401,1622,1661
14730,11435,1624,1671
14774,11468,1630,1676
14762,11448,1634,1680
14790,11472,1633,1685
14813,11501,1632,1680
14820,11498,1635,1687
14855,11512,1645,1698
14858,11509,1645,1704
14875,11522,1642,1711
14843,11500,1632,1711
14863,11508,1639,1716
14861,11506,1638,1717
14897,11531,1648,1718
14927,11563,1642,1722
14967,11612,1636,1719
14994,11633,1641,1720
15014,11660,1633,1721
15030,11668,1636,1726
15051,11688,1633,1730
15045,11689,1631,1725
15067,11691,1649,1727
15067,11695,1644,1728
15127,11732,1652,1743
15127,11724,1663,1740
15163,11752,1667,1744
15165,11756,1665,1744
15148,11742,1662,1744
15197,11770,1674,1753
15206,11769,1673,1764
15221,11794,1666,1761
15247,11801,1679,1767
15253,11798,1686,1769
15300,11827,1699,1774
15315,11824,1713,1778
15320,11831,1721,1768
15362,11853,1729,1780
15383,11892,1716,1775
15415,11912,1723,1780
15430,11922,1735,1773
15451,11934,1737,1780
15468,11948,1731,1789
15486,11957,1739,1790
15476,11953,1738,1785
15503,11965,1752,1786
15518,11964,1768,1786
15555,11988,1780,1787
15583,12010,1772,1801
15603,12007,1781,1815
15625,12018,1787,1820
15643,12027,1790,1826
15682,12047,1801,1834
15676,12031,1810,1835
15676,12034,1814,1828
15702,12054,1814,1834
15736,12066,1830,1840
15779,12103,1836,1840
15806,12122,1838,1846
15821,12134,1831,1856
15824,12142,1832,1850
15833,12143,1842,1848
15838,12134,1851,1853
15836,12130,1849,1857
15836,12132,1846,1858
15850,12127,1861,1862
15874,12151,1868,1855
15873,12138,1873,1862
15896,12155,1872,1869
15910,12157,1878,1875
15936,12157,1896,1883
15964,12174,1899,1891
15996,12199,1907,1890
16008,12214,1909,1885
16028,12223,1918,1887
16034,12225,1921,1888
16067,12235,1934,1898
16087,12243,1944,1900
16106,12250,1960,1896
16112,12277,1954,1881
16117,12272,1958,1887
16162,12311,1965,1886
16178,12309,1974,1895
16191,12312,1981,1898
16177,12296,1984,1897
16190,12316,1977,1897
16195,12313,1978,1904
16190,12316,1966,1908
16237,12350,1975,1912
16271,12367,1982,1922
16289,12375,1993,1921
16285,12367,2001,1917
16289,12360,2004,1925
16294,12360,2003,1931
16346,12390,2011,1945
16361,12391,2021,1949
16372,12388,2031,1953
16413,12412,2041,1960
16418,12401,2054,1963
16419,12400,2059,1960
16457,12430,2060,1967
16482,12449,2069,1964
16491,12456,2068,1967
16514,12468,2072,1974
16520,12484,2070,1966
16540,12499,2077,1964
16566,12507,2088,1971
16593,12521,2096,1976
16626,12547,2101,1978
16647,12554,2110,1983
16626,12536,2106,1984
16626,12542,2100,1984
16648,12552,2111,1985
16633,12537,2109,1987
16647,12547,2111,1989
16690,12572,2116,2002
16689,12561,2123,2005
16699,12574,2123,2002
16736,12601,2126,2009
16778,12626,2145,2007
16816,12658,2145,2013
16843,12660,2155,2028
16916,12720,2162,2034
16915,12730,2157,2028
16943,12761,2148,2034
16954,12758,2164,2032
16973,12756,2172,2045
16966,12758,2162,2046
16974,12764,2160,2050
16978,12768,2150,2060
16996,12784,2154,2058
17039,12819,2161,2059
17078,12829,2177,2072
17070,12834,2177,2059
17049,12814,2184,2051
17087,12840,2192,2055
17114,12846,2208,2060
17141,12861,2214,2066
17169,12869,2229,2071
17219,12892,2249,2078
17223,12897,2243,2083
17221,12876,2255,2090
17225,12876,2264,2085
17235,12903,2252,2080
17217,12885,2254,2078
17237,12899,2255,2083
17276,12912,2263,2101
17294,12919,2273,2102
17303,12939,2264,2100
17331,12941,2273,2117
17330,12947,2268,2115
17329,12951,2265,2113
17331,12941,2279,2111
17339,12935,2284,2120
17363,12944,2290,2129
17390,12957,2296,2137
17414,12981,2297,2136
17446,12997,2306,2143
17467,13012,2314,2141
17476,12997,2326,2153
17490,13027,2317,2146
17511,13032,2334,2145
17529,13031,2344,2154
17573,13052,2363,2158
17597,13044,2386,2167
17629,13062,2398,2169
17641,13068,2401,2172
17679,13102,2404,2173
17696,13110,2417,2169
17719,13132,2417,2170
17735,13143,2419,2173
17766,13164,2418,2184
17760,13164,2401,2195
17816,13184,2422,2210
17846,13213,2425,2208
17856,13219,2428,2209
17867,13223,2428,2216
17881,13228,2443,2210
17873,13229,2428,2216
17889,13250,2424,2215
17925,13284,2426,2215
17958,13290,2449,2219
18007,13310,2469,2228
18033,13325,2477,2231
18045,13324,2482,2239
18057,13331,2493,2233
18063,13330,2498,2235
18082,13349,2494,2239
18120,13370,2501,2249
18150,13387,2507,2256
18149,13380,2514,2255
18171,13384,2521,2266
18215,13414,2535,2266
18260,13447,2543,2270
18276,13466,2544,2266
18310,13491,2552,2267
18308,13477,2571,2260
18307,13472,2567,2268
18299,13467,2572,2260
18322,13484,2574,2264
18330,13490,2577,2263
18360,13513,2587,2260
18368,13519,2585,2264
18382,13534,2582,2266
18402,13547,2586,2269
18411,13548,2586,2277
18430,13546,2601,2283
18463,13584,2594,2285
18476,13595,2595,2286
18507,13605,2608,2294
18527,13607,2616,2304
18545,13600,2627,2318
18548,13613,2627,2308
18597,13648,2631,2318
18606,13659,2634,2313
18606,13662,2628,2316
18625,13675,2634,2316
18632,13674,2634,2324
18631,13656,2646,2329
18638,13672,2635,2331
18630,13654,2636,2340
18652,13669,2643,2340
18673,13688,2650,2335
18690,13698,2649,2343
18723,13711,2662,2350
18753,13725,2662,2366
18753,13719,2664,2370
18780,13735,2676,2369
18777,13732,2669,2376
18817,13753,2687,2377
18831,13764,2690,2377
18847,13756,2712,2379
18841,13747,2715,2379
18892,13768,2737,2387
18904,13780,2747,2377
18912,13780,2753,2379
18918,13780,2752,2386
18926,13772,2759,2395
18950,13801,2752,2397
18972,13819,2748,2405
19004,13849,2751,2404
19059,13888,2762,2409
19091,13912,2769,2410
19127,13940,2770,2417
19145,13955,2772,2418
19143,13942,2785,2416
19178,13977,2792,2409
19221,14017,2794,2410
19237,14020,2806,2411
19253,14021,2813,2419
19271,14038,2811,2422
19311,14047,2832,2432
19349,14079,2838,2432
19366,14088,2837,2441
19353,14078,2838,2437
19370,14094,2842,2434
19384,14095,2850,2439
19410,14115,2856,2439
19426,14121,2858,2447
19451,14149,2852,2450
19469,14150,2857,2462
19460,14151,2852,2457
19458,14152,2849,2457
19497,14173,2845,2479
19536,14217,2838,2481
19568,14234,2842,2492
19576,14241,2844,2491
19613,14257,2858,2498
19615,14263,2854,2498
19651,14284,2863,2504
19659,14287,2872,2500
19681,14298,2879,2504
19690,14299,2882,2509
19729,14319,2896,2514
19738,14325,2909,2504
19773,14332,2918,2523
19773,14312,2931,2530
19780,14309,2942,2529
19818,14336,2940,2542
19867,14359,2961,2547
19882,14355,2978,2549
19890,14362,2984,2544
19896,14372,2982,2542
19899,14369,2982,2548
19923,14380,2983,2560
19953,14399,2985,2569
19975,14406,2996,2573
19995,14416,3002,2577
19995,14411,3008,2576
20017,14420,3014,2583
20014,14433,2999,2582
20076,14473,3009,2594
20119,14511,3013,2595
20140,14520,3023,2597
20127,14507,3016,2604
20131,14511,3025,2595
20162,14532,3031,2599
20177,14539,3039,2599
20198,14546,3049,2603
20240,14576,3050,2614
20267,14599,3060,2608
20315,14629,3074,2612
20322,14642,3073,2607
20330,14632,3085,2613
20361,14648,3086,2627
20372,14657,3086,2629
20392,14657,3092,2643
20396,14666,3087,2643
20411,14691,3082,2638
20450,14724,3096,2630
20443,14698,3108,2637
20485,14729,3111,2645
20471,14712,3113,2646
20497,14715,3132,2650
20531,14746,3129,2656
20552,14767,3131,2654
20541,14747,3146,2648
20540,14738,3148,2654
20572,14746,3159,2667
20593,14778,3144,2671
20591,14776,3147,2668
20587,14761,3162,2664
20584,14764,3154,2666
20592,14758,3162,2672
20625,14778,3168,2679
20595,14746,3167,2682
20638,14774,3173,2691
20646,14773,3173,2700
20692,14791,3196,2705
20749,14824,3207,2718
20779,14843,3221,2715
20816,14853,3243,2720
20806,14829,3254,2723
20813,14834,3251,2728
20851,14855,3263,2733
20851,14845,3275,2731
20845,14842,3274,2729
20887,14873,3284,2730
20918,14884,3301,2733
20932,14890,3302,2740
20970,14913,3306,2751
20969,14914,3306,2749
21036,14959,3327,2750
21015,14950,3321,2744
21015,14954,3316,2745
21024,14947,3330,2747
21040,14952,3333,2755
21083,14995,3333,2755
21093,14988,3345,2760
21106,14996,3348,2762
21143,15017,3354,2772
21188,15031,3372,2785
21228,15066,3385,2777
21252,15086,3389,2777
21242,15065,3395,2782
21227,15049,3389,2789
21282,15100,3391,2791
21320,15113,3405,2802
21323,15109,3411,2803
21341,15111,3417,2813
21368,15112,3428,2828
21387,15127,3432,2828
21424,15148,3445,2831
21419,15144,3451,2824
21429,15153,3446,2830
21448,15155,3456,2837
21464,15169,3453,2842
21459,15158,3453,2848
21482,15181,3450,2851
21540,15228,3454,2858
21583,15255,3475,2853
21608,15279,3470,2859
21654,15322,3476,2856
21702,15346,3491,2865
21693,15344,3488,2861
21686,15321,3502,2863
21706,15332,3511,2863
21739,15345,3522,2872
21780,15375,3517,2888
21750,15354,3515,2881
21791,15370,3534,2887
21813,15389,3544,2880
21818,15390,3549,2879
21839,15418,3545,2876
21845,15421,3538,2886
21870,15433,3549,2888
21909,15460,3559,2890
21918,15433,3581,2904
21960,15446,3603,2911
22011,15469,3622,2920
22014,15480,3615,2919
22024,15473,3628,2923
22052,15494,3635,2923
22056,15499,3632,2925
22101,15530,3634,2937
22119,15539,3643,2937
22147,15549,3649,2949
22162,15571,3650,2941
22181,15572,3664,2945
22170,15552,3671,2947
22217,15581,3687,2949
22234,15591,3692,2951
22237,15586,3706,2945
22221,15578,3692,2951
22240,15600,3695,2945
22267,15599,3711,2957
22274,15598,3708,2968
22293,15607,3707,2979
22343,15639,3722,2982
22389,15673,3731,2985
22419,15686,3734,2999
22449,15706,3728,3015
22502,15749,3735,3018
22532,15772,3739,3021
22532,15771,3746,3015
22550,15777,3760,3013
22564,15794,3761,3009
22591,15802,3775,3014
22583,15789,3772,3022
22600,15817,3764,3019
22616,15837,3757,3022
22642,15846,3762,3034
22683,15873,3774,3036
22675,15859,3782,3034
22680,15859,3779,3042
22714,15889,3780,3045
22729,15885,3797,3047
22737,15901,3787,3049
22770,15928,3793,3049
22798,15946,3800,3052
22839,15977,3814,3048
22862,15984,3825,3053
22894,16004,3833,3057
22897,16005,3832,3060
22903,16000,3844,3059
22933,16005,3866,3062
22943,16002,3869,3072
22967,16007,3886,3074
23006,16036,3888,3082
23019,16030,3901,3088
23069,16067,3914,3088
23072,16065,3918,3089
23084,16061,3928,3095
23121,16083,3948,3090
23146,16089,3963,3094
23175,16097,3973,3105
23164,16096,3967,3101
23181,16104,3970,3107
23187,16117,3970,3100
23230,16127,3989,3114
23258,16141,3996,3121
23236,16125,3990,3121
23256,16147,3988,3121
23284,16168,3989,3127
23302,16188,3991,3123
23339,16190,4018,3131
23314,16186,4001,3127
23365,16215,4020,3130
23367,16218,4011,3138
23410,16239,4029,3142
23395,16219,4034,3142
23422,16247,4024,3151
23408,16236,4019,3153
23433,16243,4030,3160
23456,16267,4027,3162
23513,16295,4039,3179
23562,16315,4066,3181
23554,16303,4054,3197
23594,16317,4065,3212
23622,16335,4067,3220
23624,16318,4084,3222
23644,16307,4106,3231
23681,16330,4106,3245
23759,16370,4134,3255
23774,16373,4139,3262
23742,16356,4128,3258
23759,16365,4133,3261
23776,16365,4141,3270
23768,16354,4143,3271
23788,16378,4135,3275
23806,16377,4147,3282
23849,16413,4149,3287
23826,16402,4140,3284
23857,16401,4166,3290
23914,16445,4168,3301
23901,16433,4170,3298
23930,16430,4200,3300
23972,16459,4202,3311
23978,16471,4188,3319
23988,16475,4197,3316
24046,16518,4202,3326
24099,16548,4215,3336
24089,16534,4224,3331
24090,16530,4226,3334
24112,16528,4238,3346
24138,16554,4239,3345
24156,16563,4244,3349
24174,16573,4246,3355
24174,16570,4240,3364
24183,16576,4252,3355
24159,16560,4247,3352
24189,16577,4249,3363
24204,16593,4256,3355
24211,16591,4260,3360
24247,16621,4260,3366
24239,16606,4257,3376
24263,16600,4277,3386
24303,16618,4293,3392
24349,16650,4304,3395
24374,16647,4319,3408
24428,16666,4353,3409
24470,16687,4374,3409
24540,16718,4400,3422
24580,16729,4417,3434
24574,16708,4425,3441
24601,16726,4439,3436
24605,16717,4447,3441
24602,16719,4438,3445
24652,16752,4458,3442
24654,16762,4449,3443
24669,16777,4449,3443
24681,16792,4447,3442
24710,16811,4448,3451
24693,16807,4432,3454
24749,16838,4448,3463
24769,16843,4462,3464
24762,16827,4472,3463
24806,16865,4474,3467
24850,16897,4485,3468
24857,16891,4500,3466
24836,16858,4507,3471
24847,16855,4508,3484
24914,16886,4535,3493
24909,16881,4535,3493
24941,16883,4553,3505
24986,16915,4549,3522
25037,16936,4566,3535
25088,16979,4567,3542
25082,16967,4571,3544
25129,16991,4585,3553
25171,17027,4591,3553
25136,16999,4581,3556
25114,17000,4568,3546
25155,17012,4574,3569
25189,17038,4579,3572
25236,17051,4600,3585
25272,17074,4606,3592
25295,17085,4615,3595
25332,17109,4613,3610
25347,17098,4628,3621
25358,17101,4635,3622
25381,17118,4642,3621
25398,17117,4655,3626
25438,17126,4681,3631
25476,17142,4697,3637
25502,17146,4705,3651
25521,17149,4716,3656
25520,17140,4725,3655
25556,17167,4737,3652
25559,17186,4721,3652
25578,17179,4739,3660
25646,17225,4760,3661
25718,17272,4774,3672
25706,17259,4780,3667
25746,17279,4790,3677
25751,17286,4787,3678
25815,17325,4806,3684
25826,17355,4794,3677
25832,17369,4789,3674
25816,17378,4759,3679
25843,17380,4770,3693
25880,17413,4782,3685
25906,17438,4777,3691
25975,17458,4806,3711
25996,17465,4810,3721
26001,17482,4809,3710
26035,17506,4819,3710
26090,17554,4813,3723
26083,17530,4828,3725
26086,17523,4834,3729
26083,17507,4842,3734
26099,17515,4845,3739
26138,17544,4844,3750
26126,17538,4837,3751
26158,17552,4860,3746
26189,17585,4858,3746
26208,17587,4872,3749
26214,17588,4874,3752
26298,17644,4902,3752
26340,17669,4905,3766
26294,17624,4899,3771
26334,17649,4905,3780
26389,17688,4927,3774
26398,17695,4935,3768
26401,17670,4955,3776
26408,17678,4943,3787
26393,17653,4952,3788
26401,17650,4963,3788
26423,17678,4945,3800
26403,17650,4946,3807
26432,17677,4946,3809
26452,17682,4958,3812
26454,17668,4972,3814
26480,17679,4979,3822
26494,17690,4982,3822
26520,17696,4993,3831
26580,17758,5006,3816
26609,17763,5008,3838
26617,17734,5029,3854
26678,17753,5047,3878
26727,17803,5047,3877
26721,17817,5031,3873
26726,17820,5032,3874
26756,17836,5040,3880
26762,17847,5037,3878
26797,17863,5059,3875
26834,17881,5062,3891
26851,17909,5049,3893
26874,17917,5059,3898
26897,17925,5058,3914
26948,17946,5069,3933
26983,17954,5084,3945
27005,17960,5104,3941
26977,17928,5098,3951
27026,17943,5119,3964
27033,17923,5125,3985
27047,17938,5118,3991
27038,17933,5110,3995
27104,17975,5120,4009
27150,17987,5142,4021
27183,18009,5144,4030
27204,18008,5160,4036
27235,18027,5174,4034
27214,18013,5180,4021
27221,18013,5192,4016
27278,18043,5198,4037
27322,18055,5218,4049
27357,18056,5254,4047
27429,18110,5268,4051
27406,18097,5267,4042
27447,18110,5280,4057
27463,18123,5282,4058
27499,18146,5285,4068
27540,18174,5301,4065
27575,18196,5306,4073
27632,18212,5335,4085
27673,18229,5337,4107
27681,18236,5334,4111
27730,18263,5340,4127
27746,18266,5355,4125
27747,18261,5355,4131
27795,18282,5395,4118
27747,18255,5383,4109
27710,18235,5371,4104
27746,18251,5388,4107
27797,18282,5403,4112
27802,18282,5405,4115
27836,18312,5415,4109
27860,18324,5419,4117
27891,18336,5432,4123
27903,18329,5442,4132
27943,18337,5464,4142
27980,18369,5469,4142
28024,18378,5479,4167
27983,18360,5455,4168
28014,18368,5468,4178
28036,18397,5460,4179
28060,18411,5465,4184
28085,18425,5467,4193
28109,18431,5477,4201
28166,18439,5514,4213
28159,18446,5513,4200
28196,18440,5541,4215
28221,18455,5546,4220
28245,18472,5544,4229
28247,18454,5556,4237
28271,18459,5567,4245
28317,18483,5578,4256
28326,18475,5592,4259
28366,18505,5606,4255
28351,18472,5626,4253
28374,18494,5613,4267
28378,18489,5628,4261
28366,18475,5628,4263
28399,18482,5637,4280
28409,18465,5645,4299
28453,18494,5655,4304
28488,18520,5660,4308
28453,18518,5625,4310
28479,18509,5654,4316
28508,18523,5657,4328
28545,18550,5659,4336
28541,18526,5671,4344
28553,18528,5676,4349
28599,18563,5679,4357
28624,18576,5681,4367
28686,18613,5697,4376
28719,18636,5695,4388
28765,18643,5718,4404
28806,18660,5731,4415
28770,18611,5742,4417
28813,18641,5753,4419
28823,18635,5772,4416
28874,18678,5771,4425
28884,18682,5776,4426
28904,18686,5780,4438
28926,18695,5793,4438
28995,18738,5810,4447
29001,18760,5799,4442
29058,18782,5810,4466
29088,18794,5826,4468
29171,18852,5834,4485
29182,18853,5824,4505
29198,18858,5826,4514
29196,18867,5810,4519
29221,18858,5839,4524
29234,18829,5868,4537
29263,18839,5874,4550
29279,18867,5861,4551
29274,18856,5854,4564
29300,18886,5851,4563
29313,18891,5861,4561
29353,18925,5863,4565
29397,18940,5884,4573
29420,18954,5883,4583
29450,18941,5919,4590
29425,18899,5924,4602
29447,18902,5937,4608
29491,18944,5928,4619
29527,18952,5943,4632
29587,19000,5951,4636
29636,19041,5947,4648
29615,19016,5959,4640
29632,19055,5940,4637
29679,19081,5970,4628
29699,19095,5976,4628
29724,19086,6002,4636
29770,19116,6010,4644
29791,19118,6020,4653
29845,19146,6044,4655
29843,19144,6043,4656
29840,19142,6052,4646
29837,19116,6072,4649
29838,19095,6076,4667
29865,19102,6096,4667
29850,19075,6086,4689
29895,19088,6106,4701
29911,19104,6113,4694
29923,19090,6135,4698
29926,19102,6134,4690
29992,19134,6166,4692
29993,19121,6175,4697
30036,19136,6200,4700
30098,19162,6234,4702
30090,19159,6222,4709
30121,19178,6231,4712
30106,19175,6210,4721
30159,19213,6224,4722
30175,19203,6249,4723
30190,19213,6254,4723
30232,19198,6300,4734
30261,19228,6303,4730
30302,19249,6310,4743
30294,19225,6304,4765
30314,19234,6314,4766
30330,19258,6303,4769
30361,19259,6321,4781
30392,19277,6327,4788
30454,19332,6324,4798
30484,19367,6318,4799
30504,19365,6340,4799
30526,19377,6343,4806
30536,19371,6348,4817
30578,19398,6362,4818
30611,19404,6385,4822
30646,19421,6403,4822
30639,19411,6397,4831
30717,19458,6398,4861
30748,19488,6391,4869
30745,19473,6417,4855
30760,19474,6424,4862
30862,19527,6459,4876
30901,19542,6467,4892
30915,19553,6471,4891
30960,19585,6492,4883
30939,19558,6512,4869
30969,19563,6527,4879
31012,19598,6536,4878
31045,19638,6519,4888
31028,19633,6512,4883
31068,19655,6514,4899
31058,19647,6516,4895
31025,19615,6521,4889
31059,19634,6537,4888
31071,19633,6552,4886
31091,19646,6556,4889
31138,19672,6582,4884
31202,19714,6586,4902
31198,19689,6600,4909
31233,19688,6621,4924
31242,19683,6627,4932
31270,19697,6635,4938
31297,19694,6650,4953
31318,19708,6655,4955
31357,19718,6667,4972
31382,19724,6674,4984
31429,19764,6671,4994
31420,19774,6653,4993
31464,19812,6658,4994
31475,19803,6662,5010
31442,19772,6651,5019
31467,19768,6665,5034
31492,19778,6670,5044
31536,19805,6677,5054
31575,19823,6705,5047
31612,19832,6718,5062
31650,19862,6723,5065
31695,19898,6734,5063
31724,19910,6747,5067
31777,19943,6764,5070
31817,19943,6783,5091
31870,19980,6793,5097
31942,20025,6813,5104
31941,20023,6820,5098
31950,20012,6826,5112
31977,20028,6825,5124
31992,20028,6836,5128
32006,20027,6863,5116
32011,20027,6866,5118
32022,20053,6854,5115
31999,20025,6862,5112
32028,20023,6875,5130
32047,20040,6870,5137
32052,20039,6871,5142
32099,20078,6882,5139
32125,20069,6905,5151
32174,20095,6919,5160
32214,20086,6958,5170
32225,20075,6969,5181
32268,20098,7001,5169
32274,20092,7005,5177
32339,20131,7027,5181
32385,20160,7037,5188
32419,20163,7056,5200
32430,20172,7047,5211
32429,20163,7059,5207
32441,20177,7059,5205
32480,20200,7065,5215
32474,20188,7082,5204
32486,20180,7080,5226
32562,20208,7112,5242
32594,20227,7118,5249
32633,20262,7132,5239
32667,20271,7154,5242
32675,20269,7152,5254
32721,20261,7189,5271
32711,20257,7190,5264
32724,20246,7194,5284
32775,20287,7205,5283
32838,20320,7218,5300
32861,20319,7229,5313
32863,20310,7238,5315
32859,20308,7239,5312
32893,20316,7257,5320
32913,20305,7281,5327
32986,20335,7309,5342
32994,20315,7318,5361
33047,20351,7329,5367
33033,20353,7326,5354
33055,20368,7320,5367
33073,20374,7326,5373
33129,20405,7330,5394
33130,20407,7338,5385
33175,20431,7347,5397
33230,20454,7366,5410
33203,20438,7357,5408
33229,20465,7372,5392
33236,20466,7374,5396
33284,20494,7386,5404
33287,20459,7405,5423
33342,20480,7430,5432
33350,20494,7428,5428
33371,20496,7443,5432
33392,20514,7439,5439
33432,20558,7422,5452
33450,20539,7452,5459
33483,20538,7472,5473
33497,20540,7479,5478
33578,20591,7504,5483
33570,20593,7501,5476
33607,20603,7510,5494
33635,20613,7518,5504
33692,20635,7533,5524
33801,20704,7567,5530
33780,20686,7559,5535
33853,20724,7577,5552
33873,20758,7567,5548
33881,20784,7550,5547
33874,20780,7547,5547
33887,20794,7547,5546
33937,20815,7566,5556
33954,20805,7584,5565
33941,20787,7591,5563
33933,20760,7590,5583
33973,20774,7620,5579
34018,20799,7642,5577
34070,20835,7642,5593
34084,20820,7662,5602
34070,20815,7647,5608
34146,20852,7677,5617
34157,20867,7674,5616
34183,20879,7688,5616
34250,20927,7704,5619
34286,20919,7730,5637
34352,20924,7773,5655
34373,20920,7791,5662
34390,20931,7791,5668
34385,20925,7796,5664
34416,20942,7793,5681
34403,20916,7796,5691
34454,20944,7804,5706
34494,20951,7831,5712
34527,20958,7840,5729
34531,20960,7846,5725
34588,20986,7867,5735
34572,20974,7871,5727
34561,20982,7853,5726
34573,20996,7843,5734
34618,21007,7868,5743
34643,21007,7885,5751
34661,21018,7891,5752
34670,21028,7892,5750
34690,21041,7895,5754
34669,21010,7909,5750
34764,21047,7956,5761
34826,21074,7974,5778
34879,21094,8002,5783
34869,21072,8010,5787
34905,21080,8026,5799
34938,21096,8044,5798
34946,21081,8066,5799
34980,21112,8058,5810
35038,21153,8069,5816
35061,21165,8083,5813
35081,21171,8099,5811
35122,21184,8118,5820
35174,21220,8135,5819
35208,21255,8140,5813
35212,21250,8150,5812
35215,21259,8137,5819
35273,21290,8151,5832
35300,21328,8133,5839
35289,21302,8138,5849
35270,21295,8124,5851
35296,21295,8141,5860
35359,21321,8175,5863
35367,21306,8186,5875
35390,21290,8216,5884
35411,21302,8228,5881
35451,21297,8259,5895
35498,21315,8266,5917
35515,21314,8284,5917
35538,21324,8285,5929
35601,21345,8317,5939
35617,21354,8332,5931
35635,21373,8318,5944
35666,21375,8348,5943
35656,21368,8348,5940
35657,21340,8336,5981
35734,21380,8370,5984
35745,21379,8378,5988
35771,21382,8392,5997
35823,21418,8398,6007
35841,21426,8403,6012
35828,21433,8389,6006
35857,21452,8386,6019
35865,21428,8408,6029
35865,21439,8408,6018
35895,21451,8421,6023
35870,21441,8408,6021
35899,21455,8431,6013
35947,21492,8435,6020
35998,21507,8455,6036
36050,21500,8502,6048
36056,21498,8508,6050
36109,21531,8517,6061
36136,21548,8525,6063
36162,21574,8516,6072
36188,21574,8535,6079
36253,21613,8557,6083
36238,21591,8555,6092
36229,21595,8548,6086
36311,21646,8579,6086
36300,21603,8586,6111
36280,21587,8589,6104
36349,21629,8608,6112
36387,21642,8620,6125
36370,21640,8608,6122
36413,21671,8625,6117
36428,21671,8628,6129
36484,21701,8658,6125
36522,21711,8688,6123
36557,21712,8709,6136
36607,21725,8737,6145
36640,21719,8761,6160
36685,21755,8773,6157
36742,21801,8776,6165
36734,21801,8784,6149
36775,21835,8780,6160
36767,21811,8773,6183
36792,21797,8812,6183
36772,21791,8807,6174
36765,21778,8807,6180
36815,21810,8803,6202
36832,21831,8808,6193
36836,21825,8800,6211
36903,21835,8846,6222
36921,21832,8858,6231
36947,21858,8861,6228
36949,21845,8867,6237
37002,21890,8891,6221
37067,21910,8922,6235
37090,21922,8909,6259
37107,21919,8913,6275
37090,21894,8911,6285
37131,21900,8916,6315
37112,21890,8909,6313
37141,21888,8932,6321
37180,21921,8931,6328
37209,21941,8939,6329
37205,21921,8955,6329
37203,21930,8958,6315
37204,21949,8939,6316
37233,21989,8936,6308
37278,22002,8956,6320
37279,22007,8950,6322
37318,22030,8959,6329
37362,22033,8994,6335
37368,22032,9000,6336
37366,22021,9019,6326
37415,22035,9037,6343
37437,22066,9037,6334
37463,22092,9042,6329
37506,22119,9038,6349
37595,22177,9068,6350
37651,22200,9084,6367
37629,22180,9091,6358
37659,22201,9090,6368
37682,22184,9126,6372
37719,22192,9152,6375
37714,22175,9171,6368
37766,22210,9176,6380
37743,22176,9189,6378
37752,22163,9196,6393
37778,22162,9207,6409
37832,22193,9215,6424
37900,22232,9222,6446
37927,22284,9199,6444
37919,22281,9191,6447
37956,22312,9197,6447
37953,22307,9188,6458
38011,22306,9239,6466
38055,22311,9259,6485
38117,22346,9275,6496
38125,22363,9259,6503
38217,22422,9275,6520
38218,22391,9306,6521
38229,22404,9298,6527
38259,22435,9296,6528
38277,22469,9298,6510
38330,22471,9332,6527
38328,22462,9336,6530
38262,22424,9331,6507
38300,22442,9348,6510
38326,22449,9364,6513
38361,22464,9377,6520
38368,22444,9389,6535
38410,22469,9402,6539
38378,22461,9387,6530
38423,22474,9405,6544
38496,22516,9444,6536
38580,22574,9441,6565
38613,22585,9449,6579
38689,22597,9486,6606
38709,22600,9503,6606
38716,22624,9503,6589
38701,22598,9508,6595
38697,22599,9480,6618
38722,22584,9512,6626
38794,22616,9545,6633
38843,22635,9558,6650
38877,22653,9565,6659
38894,22660,9585,6649
38914,22660,9609,6645
38901,22656,9607,6638
38922,22672,9617,6633
38957,22677,9639,6641
38993,22680,9667,6646
39025,22697,9679,6649
39059,22708,9686,6665
39086,22710,9704,6672
39122,22695,9737,6690
39172,22716,9751,6705
39185,22711,9759,6715
39232,22743,9768,6721
39286,22770,9794,6722
39289,22770,9787,6732
39325,22786,9797,6742
39333,22800,9795,6738
39341,22785,9812,6744
39338,22778,9815,6745
39369,22784,9818,6767
39389,22804,9813,6772
39447,22845,9814,6788
39464,22844,9825,6795
39442,22837,9810,6795
39442,22830,9818,6794
39495,22836,9853,6806
39516,22833,9867,6816
39521,22843,9864,6814
39539,22872,9859,6808
39582,22907,9849,6826
39626,22924,9857,6845
39639,22911,9874,6854
39685,22934,9895,6856
39681,22905,9908,6868
39755,22924,9958,6873
39789,22936,9994,6859
39823,22952,10007,6864
39809,22946,10001,6862
39850,22939,10019,6892
39867,22946,10026,6895
39869,22947,10033,6889
39860,22975,10001,6884
39882,22983,10017,6882
39871,22956,10033,6882
39926,22989,10055,6882
39934,22974,10065,6895
39985,22997,10095,6893
40001,22980,10116,6905
40054,22979,10147,6928
40082,23018,10151,6913
40138,23064,10159,6915
40170,23075,10169,6926
40169,23097,10131,6941
40189,23094,10128,6967
40213,23083,10158,6972
40249,23101,10165,6983
40320,23129,10193,6998
40346,23132,10203,7011
40406,23178,10205,7023
40413,23173,10214,7026
40429,23182,10221,7026
40451,23196,10207,7048
40517,23230,10230,7057
40564,23263,10246,7055
40597,23274,10253,7070
40657,23267,10309,7081
40659,23277,10306,7076
40660,23256,10316,7088
40576,23211,10271,7094
40609,23235,10258,7116
40681,23290,10264,7127
40681,23275,10279,7127
40705,23286,10297,7122
40766,23312,10314,7140
40804,23329,10335,7140
40831,23328,10337,7166
40883,23361,10342,7180
40928,23372,10367,7189
41020,23415,10419,7186
41022,23429,10403,7190
41041,23417,10415,7209
41040,23376,10441,7223
41087,23399,10456,7232
41102,23385,10462,7255
41125,23396,10458,7271
41129,23388,10456,7285
41183,23393,10513,7277
41224,23408,10520,7296
41240,23423,10525,7292
41246,23433,10516,7297
41291,23428,10558,7305
41345,23462,10580,7303
41419,23524,10572,7323
41435,23537,10585,7313
41436,23554,10594,7288
41441,23584,10582,7275
41486,23590,10613,7283
41487,23592,10621,7274
41533,23636,10636,7261
41564,23668,10629,7267
41608,23689,10629,7290
41623,23724,10616,7283
41634,23716,10621,7297
41674,23715,10649,7310
41709,23730,10658,7321
41761,23751,10666,7344
41753,23769,10647,7337
41782,23780,10655,7347
41757,23747,10663,7347
41763,23731,10695,7337
41805,23749,10699,7357
41859,23759,10734,7366
41880,23763,10754,7363
41943,23797,10773,7373
41969,23815,10774,7380
42047,23862,10805,7380
42088,23901,10798,7389
42103,23892,10817,7394
42132,23916,10815,7401
42119,23875,10835,7409
42246,23960,10858,7428
42237,23905,10892,7440
42228,23888,10897,7443
42269,23894,10909,7466
42310,23952,10906,7452
42309,23969,10892,7448
42355,23971,10924,7460
42449,24028,10930,7491
42438,24023,10911,7504
42489,24039,10921,7529
42497,24042,10922,7533
42508,24057,10930,7521
42534,24056,10953,7525
42562,24077,10959,7526
42605,24082,10983,7540
42603,24100,10969,7534
42717,24167,11019,7531
42735,24170,11025,7540
42726,24144,11029,7553
42719,24130,11028,7561
42749,24128,11051,7570
42766,24145,11048,7573
42799,24179,11042,7578
42867,24224,11055,7588
42838,24189,11063,7586
42846,24205,11063,7578
42852,24205,11057,7590
42865,24208,11064,7593
42907,24252,11058,7597
42986,24295,11057,7634
42967,24291,11051,7625
43002,24266,11100,7636
43000,24254,11116,7630
42971,24211,11119,7641
42997,24215,11132,7650
43098,24275,11175,7648
43094,24261,11188,7645
43124,24242,11225,7657
43164,24254,11235,7675
43177,24272,11209,7696
43247,24322,11220,7705
43264,24294,11239,7731
43284,24289,11255,7740
43334,24302,11277,7755
43353,24321,11269,7763
43374,24325,11277,7772
43416,24338,11293,7785
43438,24354,11285,7799
43508,24398,11307,7803
43573,24415,11351,7807
43617,24463,11358,7796
43637,24478,11354,7805
43644,24481,11349,7814
43691,24510,11367,7814
43690,24501,11361,7828
43746,24519,11369,7858
43794,24523,11391,7880
43835,24539,11424,7872
43889,24544,11448,7897
43954,24601,11445,7908
43972,24587,11472,7913
44002,24602,11478,7922
43979,24593,11470,7916
44030,24620,11487,7923
44040,24608,11488,7944
43999,24593,11461,7945
44024,24598,11485,7941
44049,24603,11483,7963
44154,24663,11515,7976
44178,24691,11513,7974
44235,24688,11558,7989
44192,24651,11543,7998
44222,24696,11504,8022
44231,24667,11533,8031
44260,24673,11558,8029
44274,24670,11576,8028
44336,24665,11620,8051
44404,24726,11624,8054
44362,24695,11597,8070
44390,24725,11604,8061
44417,24721,11625,8071
44397,24687,11641,8069
44376,24656,11635,8085
44423,24678,11665,8080
44442,24663,11686,8093
44468,24697,11677,8094
44519,24700,11717,8102
44579,24727,11742,8110
44615,24751,11743,8121
44699,24796,11766,8137
44683,24786,11761,8136
44735,24795,11796,8144
44790,24796,11839,8155
44801,24782,11851,8168
44824,24798,11850,8176
44819,24795,11843,8181
44873,24829,11847,8197
44886,24869,11832,8185
44911,24883,11825,8203
44914,24909,11824,8181
44940,24905,11842,8193
45020,24948,11871,8201
45016,24943,11870,8203
45061,24978,11875,8208
45157,25030,11898,8229
45239,25070,11910,8259
45263,25045,11954,8264
45262,25046,11944,8272
45302,25068,11939,8295
45364,25109,11948,8307
45409,25101,11985,8323
45420,25087,11990,8343
45437,25108,11992,8337
45467,25119,12023,8325
45496,25115,12041,8340
45488,25125,12028,8335
45466,25095,12032,8339
45503,25100,12061,8342
45550,25134,12060,8356
45604,25166,12077,8361
45588,25147,12083,8358
45578,25097,12126,8355
45600,25106,12132,8362
45617,25104,12152,8361
45670,25157,12161,8352
45666,25168,12145,8353
45706,25181,12159,8366
45767,25191,12199,8377
45814,25192,12230,8392
45833,25191,12234,8408
45840,25172,12249,8419
45877,25205,12245,8427
45932,25233,12248,8451
45970,25250,12253,8467
45982,25251,12255,8476
46050,25276,12299,8475
46068,25275,12294,8499
46098,25289,12315,8494
46107,25293,12313,8501
46135,25296,12325,8514
46188,25302,12357,8529
46282,25353,12388,8541
46335,25374,12404,8557
46407,25429,12413,8565
46417,25420,12423,8574
46389,25429,12398,8562
46400,25434,12408,8558
46410,25415,12427,8568
46468,25458,12440,8570
46520,25458,12463,8599
46547,25478,12465,8604
46508,25426,12471,8611
46547,25441,12506,8600
46559,25433,12525,8601
46594,25460,12517,8617
46679,25507,12533,8639
46701,25523,12533,8645
46748,25526,12556,8666
46795,25546,12564,8685
46811,25554,12567,8690
46789,25536,12550,8703
46798,25529,12549,8720
46836,25561,12546,8729
46897,25599,12565,8733
46912,25603,12568,8741
46947,25615,12563,8769
46991,25635,12590,8766
46976,25602,12602,8772
47039,25641,12637,8761
47079,25654,12652,8773
47123,25649,12693,8781
47175,25685,12692,8798
47212,25688,12715,8809
47232,25702,12727,8803
47244,25713,12738,8793
47256,25692,12762,8802
47295,25676,12810,8809
47271,25632,12833,8806
47266,25605,12851,8810
47284,25622,12851,8811
47336,25663,12853,8820
47399,25681,12886,8832
47371,25645,12903,8823
47403,25661,12928,8814
47446,25679,12933,8834
47490,25682,12967,8841
47496,25664,12992,8840
47521,25654,13017,8850
47594,25696,13039,8859
47580,25671,13059,8850
47615,25684,13073,8858
47633,25689,13084,8860
47656,25697,13095,8864
47669,25704,13093,8872
47713,25725,13104,8884
47745,25734,13110,8901
47792,25744,13135,8913
47822,25800,13092,8930
47874,25846,13107,8921
47899,25877,13106,8916
47971,25901,13127,8943
48018,25905,13172,8941
48047,25928,13183,8936
48041,25942,13175,8924
48052,25925,13207,8920
48083,25954,13215,8914
48127,25964,13233,8930
48163,25982,13250,8931
48110,25958,13235,8917
48132,25945,13258,8929
48177,25951,13275,8951
48205,25977,13279,8949
48229,25989,13295,8945
48318,26044,13314,8960
48253,26023,13286,8944
48313,26036,13324,8953
48354,26062,13341,8951
48374,26078,13331,8965
48427,26122,13340,8965
48451,26139,13351,8961
48503,26156,13360,8987
48562,26186,13384,8992
48572,26196,13365,9011
48573,26178,13381,9014
48609,26198,13398,9013
48633,26211,13372,9050
48673,26268,13357,9048
48706,26233,13419,9054
48746,26224,13446,9076
48769,26246,13449,9074
48861,26286,13482,9093
48863,26266,13493,9104
48928,26301,13499,9128
48945,26325,13484,9136
48975,26329,13504,9142
48968,26309,13517,9142
48992,26343,13500,9149
49042,26349,13522,9171
49064,26362,13513,9189
49052,26346,13523,9183
49126,26394,13535,9197
49164,26387,13565,9212
49167,26344,13594,9229
49202,26352,13609,9241
49275,26374,13646,9255
49328,26388,13701,9239
49407,26414,13745,9248
49434,26424,13759,9251
49473,26459,13747,9267
49470,26460,13736,9274
49560,26496,13774,9290
49575,26502,13774,9299
49623,26528,13782,9313
49587,26501,13766,9320
49562,26474,13771,9317
49639,26536,13758,9345
49634,26526,13746,9362
49688,26545,13767,9376
49719,26534,13787,9398
49724,26523,13796,9405
49745,26517,13804,9424
49750,26503,13818,9429
49790,26488,13853,9449
49800,26496,13848,9456
49824,26503,13855,9466
49819,26497,13836,9486
49839,26535,13821,9483
49818,26507,13839,9472
49874,26546,13842,9486
49918,26576,13841,9501
49933,26579,13856,9498
49962,26567,13871,9524
49996,26558,13889,9549
50058,26630,13888,9540
50114,26652,13917,9545
50150,26640,13941,9569
50144,26630,13934,9580
50169,26628,13935,9606
50191,26644,13942,9605
50252,26695,13954,9603
50311,26705,13992,9614
50319,26706,13993,9620
50328,26719,13984,9625
50369,26735,14011,9623
50390,26730,14017,9643
50432,26774,14018,9640
50491,26793,14045,9653
50535,26822,14066,9647
50590,26829,14093,9668
50585,26812,14102,9671
50631,26850,14105,9676
50617,26830,14084,9703
50638,26829,14094,9715
50687,26857,14099,9731
50679,26860,14087,9732
50711,26887,14104,9720
50728,26882,14115,9731
50741,26887,14110,9744
50798,26911,14143,9744
50873,26959,14151,9763
50971,27029,14165,9777
51011,27057,14177,9777
51040,27080,14177,9783
51054,27092,14186,9776
51090,27101,14193,9796
51151,27139,14218,9794
51219,27171,14228,9820
51233,27182,14245,9806
51256,27164,14254,9838
51290,27148,14273,9869
51349,27225,14250,9874
51354,27219,14268,9867
51340,27180,14295,9865
51428,27193,14354,9881
51395,27148,14348,9899
51506,27225,14370,9911
51548,27243,14387,9918
51571,27258,14389,9924
51604,27283,14388,9933
51627,27287,14402,9938
51636,27256,14435,9945
51655,27263,14442,9950
51718,27309,14448,9961
51812,27368,14459,9985
51823,27386,14446,9991
51880,27395,14486,9999
51904,27400,14498,10006
51934,27416,14502,10016
51932,27371,14518,10043
51939,27370,14535,10034
51945,27366,14542,10037
51985,27390,14545,10050
51954,27362,14509,10083
52006,27381,14551,10074
52000,27388,14547,10065
52090,27439,14567,10084
52166,27490,14581,10095
52238,27532,14593,10113
52267,27541,14586,10140
52340,27575,14613,10152
52373,27580,14634,10159
52414,27603,14636,10175
52377,27578,14625,10174
52433,27618,14640,10175
52437,27604,14659,10174
52443,27604,14671,10168
52500,27619,14692,10189
52576,27663,14718,10195
52573,27651,14724,10198
52654,27692,14759,10203
52716,27734,14775,10207
52759,27764,14796,10199
52811,27797,14787,10227
52843,27802,14804,10237
52892,27814,14833,10245
52940,27826,14855,10259
52970,27849,14855,10266
52964,27830,14856,10278
52962,27839,14858,10265
52969,27830,14869,10270
53048,27851,14896,10301
53062,27832,14909,10321
53067,27835,14889,10343
53073,27846,14870,10357
53092,27851,14875,10366
53157,27867,14920,10370
53201,27886,14928,10387
53226,27885,14958,10383
53269,27907,14987,10375
53270,27899,14996,10375
53322,27881,15046,10395
53329,27876,15048,10405
53383,27884,15060,10439
53441,27913,15072,10456
53412,27893,15071,10448
53429,27912,15073,10444
53493,27957,15080,10456
53490,27933,15088,10469
53495,27931,15090,10474
53524,27955,15084,10485
53553,27972,15088,10493
53585,27969,15117,10499
53594,27993,15100,10501
53657,28001,15138,10518
53688,28009,15143,10536
53755,28071,15155,10529
53837,28095,15188,10554
53843,28082,15184,10577
53808,28076,15173,10559
53861,28118,15173,10570
53889,28140,15158,10591
53846,28124,15140,10582
53902,28162,15152,10588
53943,28173,15179,10591
53954,28185,15173,10596
53975,28176,15189,10610
53996,28198,15176,10622
54013,28231,15146,10636
54067,28254,15163,10650
54124,28278,15180,10666
54155,28288,15207,10660
54169,28284,15216,10669
54182,28309,15195,10678
54167,28309,15208,10650
54179,28339,15176,10664
54247,28353,15209,10685
54257,28361,15210,10686
54297,28400,15215,10682
54328,28397,15248,10683
54316,28383,15243,10690
54269,28368,15221,10680
54299,28358,15236,10705
54360,28352,15284,10724
54417,28375,15287,10755
54454,28392,15289,10773
54497,28407,15313,10777
54568,28434,15353,10781
54597,28445,15356,10796
54653,28459,15397,10797
54686,28479,15393,10814
54663,28462,15382,10819
54735,28483,15421,10831
54775,28503,15453,10819
54889,28548,15502,10839
54913,28554,15514,10845
54944,28591,15507,10846
55029,28653,15528,10848
55062,28674,15544,10844
55126,28707,15567,10852
55092,28692,15548,10852
55103,28700,15561,10842
55185,28749,15572,10864
55200,28751,15590,10859
55260,28810,15596,10854
55320,28841,15604,10875
55369,28841,15641,10887
55315,28818,15618,10879
55325,28824,15617,10884
55326,28839,15592,10895
55344,28863,15591,10890
55354,28827,15637,10890
55330,28803,15614,10913
55403,28827,15633,10943
55402,28850,15616,10936
55500,28873,15673,10954
55498,28875,15677,10946
55502,28879,15671,10952
55477,28849,15672,10956
55538,28894,15672,10972
55573,28901,15703,10969
55585,28926,15719,10940
55601,28920,15710,10971
55632,28928,15726,10978
55704,28969,15743,10992
55731,29006,15712,11013
55728,28978,15706,11044
55815,29001,15736,11078
55868,29044,15729,11095
55861,29028,15739,11094
55866,29035,15759,11072
55913,29048,15787,11078
55936,29047,15798,11091
55928,29040,15807,11081
56012,29089,15826,11097
56058,29086,15876,11096
56068,29098,15863,11107
56044,29093,15826,11125
56080,29120,15845,11115
56137,29119,15876,11142
56217,29165,15904,11148
56250,29179,15898,11173
56320,29188,15924,11208
56414,29198,16000,11216
56455,29223,16005,11227
56503,29244,16010,11249
56509,29270,15995,11244
56598,29327,16017,11254
56621,29322,16048,11251
56606,29271,16077,11258
56658,29255,16126,11277
56686,29278,16116,11292
56758,29291,16164,11303
56844,29325,16205,11314
56872,29325,16212,11335
56921,29349,16225,11347
56917,29324,16220,11373
56921,29333,16203,11385
56944,29330,16215,11399
57008,29355,16242,11411
57037,29365,16255,11417
57110,29388,16300,11422
57127,29394,16300,11433
57140,29386,16315,11439
57185,29386,16348,11451
57221,29416,16351,11454
57277,29454,16379,11444
57274,29469,16355,11450
57270,29470,16338,11462
57315,29476,16361,11478
57351,29458,16396,11497
57391,29450,16421,11520
57371,29454,16403,11514
57432,29461,16452,11519
57470,29479,16469,11522
57562,29520,16501,11541
57588,29532,16509,11547
57661,29566,16527,11568
57703,29540,16563,11600
57721,29524,16586,11611
57719,29531,16577,11611
57755,29523,16601,11631
57819,29596,16594,11629
57884,29621,16636,11627
57963,29632,16694,11637
57982,29637,16682,11663
57981,29626,16689,11666
58043,29658,16709,11676
58068,29652,16716,11700
58137,29666,16747,11724
58195,29700,16755,11740
58177,29675,16762,11740
58208,29680,16788,11740
58269,29708,16808,11753
58242,29736,16768,11738
58262,29750,16767,11745
58331,29764,16806,11761
58322,29791,16800,11731
58342,29811,16797,11734
58356,29845,16777,11734
58358,29890,16739,11729
58458,29939,16765,11754
58525,29983,16758,11784
58601,30010,16780,11811
58590,29990,16780,11820
58633,29981,16824,11828
58640,29956,16854,11830
58668,29968,16860,11840
58703,29971,16866,11866
58702,29988,16841,11873
58693,30004,16826,11863
58738,30004,16852,11882
58725,29978,16875,11872
58769,30027,16856,11886
58788,30033,16851,11904
58801,30019,16852,11930
58815,30011,16875,11929
58862,30045,16885,11932
58878,30047,16892,11939
58950,30082,16914,11954
58959,30049,16951,11959
58978,30101,16927,11950
59034,30129,16934,11971
59113,30153,16970,11990
59116,30146,16967,12003
59147,30181,16941,12025
59210,30190,16994,12026
59308,30225,17031,12052
59331,30241,17047,12043
59373,30254,17062,12057
59407,30269,17063,12075
59395,30255,17072,12068
59463,30300,17069,12094
59479,30288,17074,12117
59520,30322,17081,12117
59565,30361,17055,12149
59608,30374,17065,12169
59686,30399,17116,12171
59746,30431,17140,12175
59790,30453,17159,12178
59768,30454,17130,12184
59837,30495,17144,12198
59880,30536,17152,12192
59911,30552,17142,12217
59930,30513,17187,12230
59924,30500,17193,12231
60031,30544,17246,12241
60062,30584,17226,12252
60091,30564,17257,12270
60129,30611,17260,12258
60120,30607,17245,12268
60145,30645,17236,12264
60141,30638,17245,12258
60129,30590,17252,12287
60183,30591,17292,12300
60242,30621,17308,12313
60278,30647,17294,12337
60334,30672,17308,12354
60311,30661,17288,12362
60297,30673,17255,12369
60288,30654,17249,12385
60269,30609,17274,12386
60336,30628,17316,12392
60349,30629,17306,12414
60388,30673,17299,12416
60524,30731,17330,12463
60513,30731,17339,12443
60528,30756,17330,12442
60635,30818,17352,12465
60641,30856,17321,12464
60665,30852,17362,12451
60722,30846,17427,12449
60773,30843,17448,12482
60808,30872,17467,12469
60831,30895,17465,12471
60931,30925,17520,12486
60947,30927,17513,12507
60988,30939,17534,12515
61000,30962,17531,12507
61009,30962,17541,12506
61025,30980,17525,12520
61043,30950,17569,12524
61083,30968,17583,12532
61104,30996,17571,12537
61103,30987,17572,12544
61151,30977,17618,12556
61196,30969,17665,12562
61226,30959,17697,12570
61274,30958,17719,12597
61368,31014,17763,12591
61380,31037,17741,12602
61425,31044,17772,12609
61420,31041,17778,12601
61426,31049,17754,12623
61514,31103,17759,12652
61548,31093,17786,12669
61614,31130,17819,12665
61671,31117,17856,12698
61729,31143,17879,12707
61773,31157,17905,12711
61826,31211,17900,12715
61881,31242,17918,12721
61890,31237,17916,12737
61983,31286,17929,12768
62033,31332,17928,12773
61998,31290,17949,12759
62118,31362,17973,12783
62223,31399,18023,12801
62266,31407,18051,12808
62243,31382,18057,12804
62198,31343,18059,12796
62170,31320,18069,12781
62218,31359,18069,12790
62247,31399,18049,12799
62222,31372,18061,12789
62310,31430,18081,12799
62331,31440,18082,12809
62380,31451,18105,12824
62472,31493,18133,12846
62451,31466,18144,12841
62467,31470,18133,12864
62497,31473,18157,12867
62492,31464,18152,12876
62512,31471,18171,12870
62530,31469,18156,12905
62573,31503,18144,12926
62613,31532,18166,12915
62661,31581,18142,12938
62648,31566,18153,12929
62677,31570,18160,12947
62763,31623,18197,12943
62727,31591,18197,12939
62757,31587,18233,12937
62787,31609,18237,12941
62820,31599,18256,12965
62928,31631,18308,12989
63012,31655,18358,12999
63028,31655,18367,13006
63088,31666,18393,13029
63149,31726,18393,13030
63155,31732,18394,13029
63193,31728,18435,13030
63270,31772,18464,13034
63278,31767,18454,13057
63334,31795,18480,13059
63403,31822,18501,13080
63430,31844,18505,13081
63464,31869,18487,13108
63485,31883,18470,13132
63488,31867,18482,13139
63514,31885,18483,13146
63553,31875,18523,13155
63595,31905,18534,13156
63634,31935,18522,13177
63697,31967,18550,13180
63784,31996,18604,13184
63831,32011,18620,13200
63904,32075,18633,13196
63996,32130,18650,13216
64024,32136,18670,13218
64037,32130,18681,13226
64074,32148,18691,13235
64128,32167,18695,13266
64212,32216,18711,13285
64231,32256,18678,13297
64233,32237,18673,13323
64335,32275,18736,13324
64411,32290,18775,13346
64443,32309,18788,13346
64481,32321,18815,13345
64507,32319,18816,13372
64594,32368,18827,13399
64613,32341,18859,13413
64651,32356,18879,13416
64644,32338,18900,13406
64753,32379,18950,13424
64755,32354,18985,13416
64790,32400,18975,13415
64830,32370,19009,13451
64844,32354,19063,13427
64850,32338,19086,13426
64917,32350,19122,13445
64958,32362,19130,13466
64957,32350,19130,13477
64990,32386,19128,13476
65072,32417,19152,13503
65077,32381,19196,13500
65091,32416,19186,13489
65041,32392,19169,13480
65040,32364,19190,13486
65085,32389,19192,13504
65087,32403,19159,13525
65128,32394,19181,13553
65189,32411,19207,13571
65195,32400,19192,13603
65281,32433,19206,13642
65338,32456,19241,13641
65371,32488,19246,13637
65423,32517,19268,13638
65477,32546,19292,13639
65537,32576,19296,13665
65513,32578,19296,13639
65602,32619,19322,13661
65610,32626,19320,13664
65647,32641,19342,13664
65646,32639,19338,13669
65693,32647,19354,13692
65855,32716,19444,13695
65903,32741,19458,13704
65886,32701,19476,13709
65864,32688,19454,13722
65883,32710,19450,13723
65915,32731,19451,13733
65931,32750,19435,13746
65965,32775,19438,13752
66032,32783,19466,13783
66056,32779,19486,13791
66096,32820,19497,13779
66085,32825,19483,13777
66081,32816,19458,13807
66120,32844,19483,13793
66170,32844,19520,13806
66237,32894,19497,13846
66191,32837,19525,13829
66212,32867,19527,13818
66263,32896,19544,13823
66317,32923,19562,13832
66339,32956,19547,13836
66444,33014,19580,13850
66466,33020,19614,13832
66518,33018,19650,13850
66529,33017,19638,13874
66569,33000,19672,13897
66586,32968,19710,13908
66604,32999,19691,13914
66626,33017,19671,13938
66695,33065,19694,13936
66698,33064,19699,13935
66760,33072,19733,13955
66832,33097,19763,13972
66871,33097,19786,13988
66845,33076,19774,13995
66864,33073,19777,14014
66894,33075,19791,14028
66984,33118,19822,14044
66957,33104,19823,14030
67081,33182,19859,14040
67089,33173,19843,14073
67114,33191,19870,14053
67177,33202,19889,14086
67174,33214,19859,14101
67154,33188,19847,14119
67182,33174,19875,14133
67235,33197,19914,14124
67264,33208,19925,14131
67319,33218,19953,14148
67393,33256,19969,14168
67478,33306,19988,14184
67521,33328,20024,14169
67544,33345,20011,14188
67522,33329,20005,14188
67590,33333,20038,14219
67681,33392,20052,14237
67697,33402,20066,14229
67756,33413,20089,14254
67804,33419,20134,14251
67863,33419,20155,14289
67894,33436,20163,14295
67984,33466,20197,14321
68064,33518,20215,14331
68074,33504,20229,14341
68087,33541,20194,14352
68134,33549,20217,14368
68181,33546,20226,14409
68204,33556,20245,14403
68253,33552,20288,14413
68324,33602,20299,14423
68353,33638,20294,14421
68378,33631,20298,14449
68341,33626,20267,14448
68395,33640,20291,14464
68422,33694,20261,14467
68420,33667,20280,14473
68479,33692,20313,14474
68537,33712,20330,14495
68557,33709,20333,14515
68520,33713,20312,14495
68552,33722,20329,14501
68619,33731,20365,14523
68702,33759,20391,14552
68758,33785,20401,14572
68845,33823,20413,14609
68848,33836,20393,14619
68883,33843,20421,14619
68864,33838,20408,14618
68924,33860,20460,14604
69054,33917,20509,14628
69017,33889,20492,14636
69038,33922,20483,14633
69057,33947,20462,14648
69133,33995,20502,14636
69156,34012,20485,14659
69207,34031,20501,14675
69303,34067,20523,14713
69310,34045,20545,14720
69308,34027,20534,14747
69416,34090,20567,14759
69506,34122,20610,14774
69519,34108,20641,14770
69600,34137,20670,14793
69672,34173,20693,14806
69671,34158,20687,14826
69721,34185,20676,14860
69710,34200,20665,14845
69676,34155,20703,14818
69712,34156,20739,14817
69776,34186,20773,14817
69869,34207,20824,14838
69848,34210,20792,14846
69874,34183,20812,14879
69837,34155,20801,14881
69903,34191,20825,14887
69908,34188,20821,14899
69994,34249,20844,14901
70041,34255,20865,14921
70061,34283,20837,14941
70104,34341,20824,14939
70087,34304,20851,14932
70128,34323,20875,14930
70149,34326,20880,14943
70183,34345,20894,14944
70220,34359,20902,14959
70263,34379,20920,14964
70251,34364,20911,14976
70303,34401,20913,14989
70287,34383,20912,14992
70345,34401,20921,15023
70367,34392,20955,15020
70455,34431,20989,15035
70475,34428,21002,15045
70586,34481,21038,15067
70594,34479,21046,15069
70602,34476,21057,15069
70653,34513,21065,15075
70700,34556,21048,15096
70761,34587,21082,15092
70739,34589,21055,15095
70764,34594,21057,15113
70781,34559,21093,15129
70826,34605,21088,15133
70880,34626,21124,15130
70925,34655,21131,15139
70992,34678,21149,15165
70988,34665,21138,15185
71017,34682,21136,15199
71056,34692,21141,15223
71114,34745,21153,15216
71189,34752,21201,15236
71145,34724,21202,15219
71191,34746,21226,15219
71242,34751,21248,15243
71286,34781,21241,15264
71324,34808,21231,15285
71351,34824,21240,15287
71420,34847,21290,15283
71458,34858,21309,15291
71548,34891,21345,15312
71640,34945,21377,15318
71699,34983,21377,15339
71707,34953,21396,15358
71732,34911,21462,15359
71746,34939,21449,15358
71770,34910,21480,15380
71841,34971,21496,15374
71861,34989,21503,15369
71937,35019,21539,15379
71970,35022,21570,15378
71943,34993,21551,15399
71932,34999,21530,15403
71979,35028,21546,15405
72062,35059,21584,15419
72101,35083,21594,15424
72097,35108,21593,15396
72163,35121,21644,15398
72265,35186,21652,15427
72324,35242,21635,15447
72366,35271,21631,15464
72413,35263,21677,15473
72414,35257,21671,15486
72486,35279,21706,15501
72536,35310,21715,15511
72552,35307,21731,15514
72608,35329,21735,15544
72661,35375,21739,15547
72735,35399,21758,15578
72747,35434,21732,15581
72771,35465,21727,15579
72842,35510,21754,15578
72845,35462,21777,15606
72918,35497,21813,15608
72910,35512,21803,15595
72955,35539,21805,15611
72995,35550,21810,15635
72982,35538,21800,15644
73057,35552,21834,15671
73079,35597,21828,15654
73119,35579,21859,15681
73195,35633,21881,15681
73239,35653,21911,15675
73257,35677,21901,15679
73288,35681,21906,15701
73354,35686,21960,15708
73416,35719,21972,15725
73451,35741,21964,15746
73462,35774,21966,15722
73467,35755,21986,15726
73506,35773,21996,15737
73511,35755,22002,15754
73585,35797,22005,15783
73648,35807,22048,15793
73672,35832,22059,15781
73714,35822,22077,15815
73771,35870,22071,15830
73800,35860,22105,15835
73877,35893,22133,15851
73896,35888,22154,15854
73878,35883,22129,15866
73816,35840,22127,15849
73910,35827,22212,15871
73966,35861,22232,15873
74035,35864,22271,15900
74063,35882,22283,15898
74095,35915,22262,15918
74099,35904,22269,15926
74134,35934,22247,15953
74123,35893,22260,15970
74205,35953,22271,15981
74199,35944,22279,15976
74249,35988,22291,15970
74254,35994,22307,15953
74268,35945,22328,15995
74325,36009,22325,15991
74378,36025,22331,16022
74412,36032,22354,16026
74393,36024,22335,16034
74474,36069,22353,16052
74525,36051,22405,16069
74555,36056,22420,16079
74603,36058,22428,16117
74667,36117,22436,16114
74725,36068,22532,16125
74696,36034,22530,16132
74720,36066,22518,16136
74814,36085,22566,16163
74830,36086,22583,16161
74835,36085,22568,16182
74841,36165,22525,16151
74897,36179,22516,16202
74972,36212,22551,16209
74972,36179,22565,16228
75053,36187,22626,16240
75185,36234,22677,16274
75190,36248,22645,16297
75127,36238,22607,16282
75138,36230,22613,16295
75118,36221,22581,16316
75138,36244,22565,16329
75205,36277,22596,16332
75240,36290,22581,16369
75313,36336,22600,16377
75293,36309,22612,16372
75370,36332,22639,16399
75356,36310,22665,16381
75413,36316,22719,16378
75431,36314,22732,16385
75466,36288,22771,16407
75498,36296,22755,16447
75524,36288,22769,16467
75589,36338,22790,16461
75610,36391,22777,16442
75721,36476,22791,16454
75775,36507,22816,16452
75785,36539,22773,16473
75849,36575,22790,16484
75936,36582,22844,16510
76064,36646,22884,16534
76087,36634,22901,16552
76116,36639,22929,16548
76178,36672,22947,16559
76188,36660,22962,16566
76221,36655,22984,16582
76284,36722,22996,16566
76357,36750,23003,16604
76396,36764,23014,16618
76403,36761,23007,16635
76441,36725,23067,16649
76498,36738,23111,16649
76518,36722,23131,16665
76561,36769,23138,16654
76609,36739,23187,16683
76600,36726,23195,16679
76625,36703,23214,16708
76649,36734,23207,16708
76673,36732,23221,16720
76706,36744,23237,16725
76722,36766,23223,16733
76738,36773,23227,16738
76767,36792,23221,16754
76847,36803,23242,16802
76924,36782,23330,16812
77020,36812,23368,16840
77010,36807,23369,16834
76983,36781,23365,16837
77043,36796,23398,16849
77080,36814,23389,16877
77083,36823,23383,16877
77115,36859,23364,16892
77125,36862,23350,16913
77201,36915,23364,16922
77291,36915,23426,16950
77335,36961,23423,16951
77375,36996,23426,16953
77403,37038,23427,16938
77460,37052,23450,16958
77527,37046,23484,16997
77546,37044,23504,16998
77507,37042,23483,16982
77522,37031,23482,17009
77513,37038,23471,17004
77551,37062,23492,16997
77611,37043,23547,17021
77670,37064,23573,17033
77698,37060,23623,17015
77736,37099,23602,17035
77766,37104,23619,17043
77777,37092,23608,17077
77872,37112,23673,17087
77869,37139,23662,17068
77923,37170,23666,17087
77965,37140,23693,17132
77972,37151,23694,17127
78001,37177,23678,17146
78042,37164,23703,17175
78157,37216,23730,17211
78213,37232,23748,17233
78175,37206,23724,17245
78219,37207,23736,17276
78197,37190,23725,17282
78255,37205,23743,17307
78248,37183,23745,17320
78306,37225,23739,17342
78359,37234,23749,17376
78480,37302,23798,17380
78501,37281,23841,17379
78574,37314,23860,17400
78624,37349,23897,17378
78634,37374,23879,17381
78614,37354,23878,17382
78589,37345,23853,17391
78748,37394,23931,17423
78856,37445,23942,17469
78836,37461,23923,17452
78882,37478,23930,17474
78914,37548,23890,17476
78959,37577,23883,17499
79002,37610,23900,17492
79008,37621,23890,17497
79103,37662,23918,17523
79136,37664,23936,17536
79183,37696,23953,17534
79240,37703,23993,17544
79266,37678,24014,17574
79304,37721,24030,17553
79388,37761,24075,17552
79329,37710,24080,17539
79394,37706,24121,17567
79385,37725,24092,17568
79470,37774,24092,17604
79514,37815,24064,17635
79574,37854,24095,17625
79609,37878,24094,17637
79631,37865,24107,17659
79751,37876,24175,17700
79774,37837,24243,17694
79856,37875,24275,17706
79864,37860,24297,17707
79921,37874,24334,17713
80009,37936,24354,17719
80039,37934,24394,17711
79994,37915,24363,17716
80001,37909,24372,17720
80010,37878,24385,17747
80113,37912,24435,17766
80091,37916,24424,17751
80120,37908,24436,17776
80130,37919,24412,17799
80197,37982,24407,17808
80294,38033,24449,17812
80323,38063,24472,17788
80386,38080,24479,17827
80470,38118,24491,17861
80498,38152,24489,17857
80497,38150,24492,17855
80532,38129,24541,17862
80568,38130,24577,17861
80555,38163,24524,17868
80606,38175,24554,17877
80596,38174,24546,17876
80656,38213,24535,17908
80760,38283,24564,17913
80822,38316,24585,17921
80937,38374,24601,17962
80923,38358,24584,17981
80943,38365,24591,17987
81053,38408,24632,18013
81090,38403,24658,18029
81146,38434,24690,18022
81167,38406,24724,18037
81165,38397,24714,18054
81191,38406,24706,18079
81254,38445,24724,18085
81316,38458,24762,18096
81352,38468,24765,18119
81359,38484,24768,18107
81369,38489,24765,18115
81396,38490,24771,18135
81342,38479,24731,18132
81415,38505,24751,18159
81415,38515,24737,18163
81454,38515,24750,18189
81547,38558,24768,18221
81662,38602,24833,18227
81625,38603,24802,18220
81666,38572,24856,18238
81672,38609,24835,18228
81717,38574,24911,18232
81794,38590,24949,18255
81850,38631,24935,18284
81884,38608,24958,18318
81885,38596,24959,18330
81848,38583,24934,18331
81881,38570,24972,18339
81958,38588,25027,18343
81985,38589,25033,18363
82013,38627,25046,18340
82093,38632,25079,18382
82017,38574,25061,18382
82075,38580,25079,18416
82122,38595,25076,18451
82186,38597,25133,18456
82197,38573,25155,18469
82345,38673,25194,18478
82400,38669,25232,18499
82463,38728,25242,18493
82523,38734,25272,18517
82494,38709,25266,18519
82475,38663,25274,18538
82494,38680,25268,18546
82527,38716,25250,18561
82531,38703,25286,18542
82581,38774,25269,18538
82559,38732,25272,18555
82620,38743,25300,18577
82667,38776,25280,18611
82686,38795,25269,18622
82776,38845,25309,18622
82836,38866,25340,18630
82843,38867,25331,18645
82899,38874,25354,18671
82904,38871,25319,18714
83015,38934,25351,18730
83114,38956,25398,18760
83190,39008,25402,18780
83273,39051,25459,18763
83376,39074,25509,18793
83438,39124,25499,18815
83424,39095,25525,18804
83411,39120,25487,18804
83430,39133,25486,18811
83549,39201,25520,18828
83529,39201,25513,18815
83552,39209,25506,18837
83620,39210,25539,18871
83652,39197,25579,18876
83730,39210,25586,18934
83745,39191,25622,18932
83709,39139,25621,18949
83745,39125,25666,18954
83787,39150,25670,18967
83767,39133,25646,18988
83782,39135,25657,18990
83802,39134,25663,19005
83759,39169,25600,18990
83820,39208,25616,18996
83872,39227,25637,19008
83986,39303,25650,19033
83985,39263,25674,19048
84025,39264,25693,19068
84031,39259,25686,19086
84100,39304,25714,19082
84151,39342,25708,19101
84173,39324,25734,19115
84240,39342,25772,19126
84271,39388,25756,19127
84314,39383,25775,19156
84354,39375,25799,19180
84447,39403,25853,19191
84485,39424,25858,19203
84455,39449,25815,19191
84508,39431,25866,19211
84578,39466,25902,19210
84562,39448,25879,19235
84674,39480,25914,19280
84712,39510,25910,19292
84823,39549,25969,19305
84941,39613,26013,19315
84971,39633,26024,19314
84962,39589,26033,19340
85061,39627,26042,19392
85059,39649,26013,19397
85114,39689,26004,19421
85199,39703,26057,19439
85213,39689,26080,19444
85216,39660,26095,19461
85298,39702,26123,19473
85381,39739,26160,19482
85453,39792,26172,19489
85484,39796,26221,19467
85482,39815,26217,19450
85540,39840,26227,19473
85451,39790,26172,19489
85445,39793,26142,19510
85476,39790,26161,19525
85540,39806,26183,19551
85667,39862,26245,19560
85670,39848,26248,19574
85672,39867,26221,19584
85682,39900,26183,19599
85718,39900,26208,19610
85733,39867,26231,19635
85841,39940,26248,19653
85895,39950,26295,19650
85955,39938,26332,19685
85974,39930,26360,19684
86065,39994,26375,19696
86080,39986,26392,19702
86075,39965,26395,19715
86168,40002,26417,19749
86195,39972,26459,19764
86245,39998,26455,19792
86258,40007,26449,19802
86316,40036,26461,19819
86400,40059,26508,19833
86423,40089,26495,19839
86409,40046,26501,19862
86473,40120,26477,19876
86524,40098,26532,19894
86525,40072,26522,19931
86612,40098,26541,19973
86654,40117,26564,19973
86783,40181,26621,19981
86910,40234,26653,20023
86884,40226,26628,20030
86916,40251,26630,20035
86860,40242,26605,20013
86919,40235,26646,20038
87046,40282,26705,20059
87063,40311,26684,20068
87086,40303,26696,20087
87114,40324,26708,20082
87222,40363,26746,20113
87261,40372,26770,20119
87233,40332,26765,20136
87357,40402,26795,20160
87352,40380,26786,20186
87338,40339,26808,20191
87405,40350,26868,20187
87377,40315,26862,20200
87391,40316,26869,20206
87346,40270,26867,20209
87397,40293,26860,20244
87374,40311,26821,20242
87489,40367,26863,20259
87596,40366,26947,20283
87621,40389,26943,20289
87618,40432,26912,20274
87651,40416,26941,20294
87665,40417,26936,20312
87703,40440,26944,20319
87820,40520,26980,20320
87890,40551,26998,20341
87885,40562,26977,20346
87894,40564,26956,20374
87946,40622,26934,20390
87999,40627,26985,20387
88046,40626,27022,20398
88079,40587,27090,20402
88155,40602,27137,20416
88133,40626,27120,20387
88195,40601,27202,20392
88223,40613,27202,20408
88248,40599,27215,20434
88386,40623,27299,20464
88398,40647,27284,20467
88417,40648,27290,20479
88440,40676,27255,20509
88463,40685,27249,20529
88438,40668,27244,20526
88473,40655,27293,20525
88562,40694,27319,20549
88560,40655,27356,20549
88689,40720,27395,20574
88793,40773,27429,20591
88780,40782,27403,20595
88839,40838,27375,20626
88852,40812,27387,20653
88918,40800,27419,20699
88978,40851,27399,20728
89026,40857,27441,20728
89026,40896,27396,20734
89107,40913,27447,20747
89173,40942,27470,20761
89168,40926,27467,20775
89198,40932,27493,20773
89265,40911,27560,20794
89306,40918,27565,20823
89395,40966,27588,20841
89481,40989,27651,20841
89474,40993,27633,20848
89569,41024,27679,20866
89640,41060,27721,20859
89686,41076,27755,20855
89686,41066,27752,20868
89681,41065,27725,20891
89759,41114,27765,20880
89778,41132,27761,20885
89873,41141,27841,20891
89933,41166,27880,20887
89972,41218,27852,20902
89975,41206,27868,20901
90103,41239,27939,20925
90086,41198,27953,20935
90082,41203,27944,20935
90105,41204,27932,20969
90118,41222,27922,20974
90198,41281,27941,20976
90219,41277,27953,20989
90322,41322,27980,21020
90323,41301,27973,21049
90366,41293,28002,21071
90418,41302,28049,21067
90434,41304,28026,21104
90409,41295,27987,21127
90444,41298,27981,21165
90494,41353,27989,21152
90556,41425,27971,21160
90688,41447,28043,21198
90750,41490,28047,21213
90775,41522,28048,21205
90840,41546,28082,21212
90912,41555,28114,21243
90933,41537,28120,21276
90989,41535,28157,21297
90944,41526,28134,21284
91034,41544,28176,21314
91087,41583,28203,21301
91167,41631,28216,21320
91182,41646,28193,21343
91255,41685,28201,21369
91368,41704,28273,21391
91409,41747,28281,21381
91347,41722,28247,21378
91354,41768,28199,21387
91435,41787,28253,21395
91481,41823,28259,21399
91473,41813,28237,21423
91424,41762,28242,21420
91505,41764,28279,21462
91614,41793,28334,21487
91693,41832,28347,21514
91659,41847,28312,21500
91693,41860,28308,21525
91704,41823,28354,21527
91683,41816,28339,21528
91765,41838,28366,21561
91823,41872,28359,21592
91864,41924,28334,21606
91936,41948,28372,21616
91945,41949,28372,21624
92032,41979,28433,21620
92075,41983,28475,21617
92146,42007,28509,21630
92216,42055,28511,21650
92238,42042,28525,21671
92315,42071,28544,21700
92417,42138,28561,21718
92419,42105,28563,21751
92417,42138,28538,21741
92441,42116,28573,21752
92485,42098,28633,21754
92525,42136,28623,21766
92595,42144,28697,21754
92549,42112,28679,21758
92661,42146,28739,21776
92632,42129,28716,21787
92674,42153,28739,21782
92739,42190,28752,21797
92791,42202,28772,21817
92793,42204,28766,21823
92877,42265,28788,21824
92911,42268,28793,21850
92866,42235,28783,21848
92881,42219,28803,21859
92920,42237,28787,21896
92930,42183,28825,21922
92971,42221,28830,21920
93017,42194,28872,21951
93140,42286,28872,21982
93162,42272,28915,21975
93205,42298,28920,21987
93226,42288,28935,22003
93312,42324,28956,22032
93383,42320,29008,22055
93393,42327,29006,22060
93528,42373,29068,22087
93637,42416,29096,22125
93665,42435,29101,22129
93726,42501,29084,22141
93831,42541,29133,22157
93816,42531,29127,22158
93852,42514,29166,22172
93897,42502,29206,22189
93938,42505,29254,22179
93980,42534,29229,22217
94045,42531,29243,22271
94089,42554,29217,22318
94182,42547,29282,22353
94255,42583,29295,22377
94327,42579,29334,22414
94392,42630,29364,22398
94438,42657,29375,22406
94443,42634,29389,22420
94431,42584,29412,22435
94488,42664,29396,22428
94628,42718,29468,22442
94608,42728,29471,22409
94676,42774,29509,22393
94654,42734,29533,22387
94653,42688,29548,22417
94680,42732,29525,22423
94734,42734,29541,22459
94714,42728,29526,22460
94760,42777,29493,22