81,81,0,0
81,81,0,0
80,80,0,0
80,80,0,0
83,83,0,0
84,84,0,0
85,85,0,0
86,86,0,0
87,87,0,0
86,86,0,0
89,89,0,0
89,89,0,0
89,89,0,0
88,88,0,0
90,90,0,0
89,89,0,0
88,88,0,0
90,90,0,0
89,89,0,0
90,90,0,0
91,91,0,0
91,91,0,0
90,90,0,0
88,88,0,0
89,89,0,0
90,90,0,0
93,93,0,0
96,96,0,0
96,96,0,0
96,96,0,0
100,100,0,0
100,100,0,0
104,104,0,0
104,104,0,0
109,108,0,1
112,111,0,1
110,109,0,1
109,108,0,1
108,107,0,1
109,108,0,1
105,104,0,1
106,105,0,1
107,106,0,1
106,105,0,1
105,104,0,1
105,103,0,2
106,104,0,2
104,102,0,2
107,104,0,3
107,104,0,3
111,108,0,3
115,112,0,3
117,114,0,3
121,118,0,3
123,119,0,4
124,120,0,4
128,124,0,4
129,125,0,4
134,130,0,4
137,133,0,4
136,131,0,5
136,131,0,5
134,129,0,5
135,130,0,5
138,134,0,4
138,134,0,4
140,135,0,5
143,138,0,5
145,140,0,5
148,143,0,5
152,147,0,5
153,148,0,5
154,148,0,6
158,152,0,6
160,153,0,7
160,153,0,7
163,155,0,8
170,161,0,9
173,164,0,9
175,166,0,9
175,166,0,9
178,169,0,9
178,169,0,9
181,172,0,9
181,173,0,8
182,174,0,8
178,170,0,8
183,175,0,8
185,177,0,8
183,174,0,9
186,177,0,9
188,179,0,9
191,182,0,9
190,181,0,9
193,185,0,8
195,187,0,8
195,187,0,8
196,188,0,8
196,188,0,8
198,190,0,8
199,192,0,7
201,194,0,7
205,197,0,8
206,198,0,8
206,198,0,8
205,197,0,8
208,199,0,9
211,201,0,10
212,202,0,10
217,207,0,10
217,206,0,11
222,211,0,11
219,208,0,11
218,208,0,10
222,211,1,10
225,214,1,10
229,217,1,11
231,219,1,11
230,218,1,11
228,216,1,11
225,214,1,10
226,215,1,10
227,216,1,10
232,220,1,11
232,220,1,11
233,221,1,11
234,222,1,11
235,222,1,12
237,223,1,13
239,224,2,13
243,228,2,13
245,231,2,12
249,235,2,12
253,239,2,12
256,242,2,12
258,244,2,12
262,248,2,12
262,248,2,12
264,250,2,12
266,252,2,12
266,252,2,12
264,250,2,12
264,249,3,12
264,249,3,12
266,249,4,13
266,249,4,13
272,255,4,13
273,256,4,13
270,254,4,12
274,258,4,12
273,258,4,11
274,259,4,11
275,260,4,11
276,260,4,12
277,260,5,12
285,267,5,13
282,264,5,13
287,269,5,13
287,269,5,13
288,270,5,13
289,271,5,13
290,272,5,13
294,275,5,14
299,281,4,14
303,285,4,14
307,289,4,14
312,294,4,14
314,296,4,14
316,298,4,14
323,305,4,14
323,305,4,14
321,304,4,13
324,307,4,13
324,307,4,13
324,307,4,13
325,308,4,13
325,308,4,13
325,308,4,13
329,310,4,15
330,310,5,15
329,308,5,16
328,307,5,16
332,310,6,16
338,316,6,16
339,316,6,17
342,319,6,17
349,324,7,18
349,323,7,19
354,327,7,20
353,326,7,20
352,324,8,20
355,327,8,20
356,328,8,20
357,328,9,20
356,327,9,20
357,329,8,20
360,333,8,19
362,335,8,19
366,339,8,19
368,342,7,19
367,341,7,19
366,340,7,19
368,341,7,20
371,346,7,18
372,345,8,19
373,346,8,19
377,350,8,19
382,355,8,19
390,362,8,20
395,366,8,21
393,363,8,22
397,367,8,22
402,372,8,22
407,376,8,23
409,379,7,23
413,382,7,24
416,385,7,24
418,387,7,24
418,388,7,23
421,390,7,24
420,390,7,23
422,391,7,24
426,396,6,24
428,398,6,24
429,400,6,23
431,401,7,23
435,406,6,23
434,405,6,23
445,414,6,25
448,416,6,26
446,415,6,25
444,414,6,24
445,414,6,25
447,414,6,27
452,419,6,27
455,422,6,27
465,429,6,30
469,433,6,30
469,431,7,31
477,440,7,30
471,434,7,30
479,443,8,28
477,442,8,27
475,440,8,27
477,441,8,28
482,446,8,28
485,449,8,28
492,454,8,30
490,452,8,30
500,462,8,30
502,463,8,31
503,462,8,33
511,472,7,32
511,472,7,32
513,475,7,31
519,480,7,32
520,483,7,30
524,485,7,32
524,486,7,31
529,490,7,32
529,489,7,33
534,495,7,32
537,496,7,34
540,499,7,34
546,503,8,35
549,506,8,35
554,510,8,36
555,510,8,37
562,517,9,36
572,526,9,37
577,529,9,39
580,532,9,39
588,539,9,40
597,548,9,40
600,550,9,41
605,554,9,42
607,556,9,42
605,554,9,42
613,562,9,42
620,569,9,42
617,564,9,44
621,568,9,44
626,573,9,44
629,576,9,44
634,582,8,44
637,584,8,45
633,578,8,47
637,581,9,47
642,587,9,46
638,583,9,46
644,589,9,46
645,590,9,46
646,590,9,47
652,596,9,47
654,600,8,46
654,601,8,45
657,604,8,45
660,607,8,45
666,613,8,45
666,613,8,45
667,613,8,46
674,618,8,48
683,628,8,47
689,634,8,47
695,639,8,48
700,644,8,48
703,647,8,48
706,647,8,51
705,644,8,53
707,646,8,53
714,651,8,55
714,652,8,54
717,655,8,54
720,660,8,52
727,666,8,53
729,669,8,52
727,669,8,50
729,670,8,51
737,679,8,50
739,680,8,51
745,685,8,52
747,689,8,50
751,692,8,51
763,704,8,51
767,710,8,49
764,709,8,47
779,724,8,47
777,723,7,47
779,725,7,47
780,728,7,45
783,731,6,46
779,728,6,45
776,725,6,45
781,728,7,46
788,732,7,49
794,736,7,51
799,741,7,51
800,744,7,49
797,741,7,49
800,742,7,51
799,741,7,51
805,746,7,52
805,746,7,52
815,757,7,51
820,765,7,48
819,764,7,48
828,771,7,50
829,771,7,51
833,775,7,51
836,774,8,54
833,770,8,55
839,776,8,55
834,768,8,58
835,769,9,57
839,774,9,56
846,779,10,57
849,782,10,57
852,784,10,58
859,789,10,60
864,793,10,61
867,795,11,61
876,805,11,60
883,812,11,60
891,820,11,60
894,820,13,61
900,824,14,62
901,825,14,62
899,825,14,60
903,830,13,60
912,835,15,62
915,834,17,64
915,834,17,64
913,832,16,65
912,832,16,64
914,833,16,65
918,836,16,66
917,835,16,66
931,846,17,68
929,843,17,69
939,849,18,72
940,850,18,72
944,855,18,71
952,862,19,71
958,868,19,71
963,872,19,72
972,881,19,72
973,880,19,74
964,871,19,74
973,882,19,72
975,882,19,74
981,887,19,75
988,894,19,75
997,903,20,74
1003,911,20,72
1004,913,20,71
1007,916,20,71
1009,920,20,69
1022,931,21,70
1033,939,22,72
1036,940,22,74
1046,949,22,75
1051,954,22,75
1049,953,20,76
1050,954,21,75
1052,952,22,78
1058,958,21,79
1064,962,22,80
1060,958,22,80
1054,953,21,80
1057,954,21,82
1060,959,21,80
1065,967,19,79
1066,969,18,79
1071,972,19,80
1081,981,19,81
1095,992,20,83
1087,985,19,83
1107,1000,21,86
1111,1002,21,88
1117,1008,21,88
1118,1009,21,88
1127,1018,21,88
1128,1019,21,88
1131,1020,21,90
1136,1026,21,89
1139,1029,21,89
1137,1026,21,90
1146,1034,21,91
1144,1033,19,92
1139,1029,19,91
1149,1037,21,91
1156,1040,22,94
1157,1040,22,95
1168,1050,22,96
1169,1050,22,97
1182,1063,22,97
1183,1062,22,99
1187,1066,22,99
1203,1081,22,100
1200,1075,23,102
1197,1071,23,103
1201,1073,23,105
1199,1073,23,103
1196,1068,24,104
1200,1070,26,104
1208,1080,24,104
1211,1083,24,104
1223,1093,24,106
1225,1095,25,105
1236,1104,25,107
1246,1111,26,109
1253,1120,25,108
1248,1114,25,109
1246,1113,25,108
1254,1121,25,108
1258,1126,24,108
1276,1143,26,107
1282,1149,25,108
1284,1151,25,108
1289,1155,25,109
1294,1161,24,109
1295,1163,24,108
1293,1161,23,109
1301,1169,23,109
1304,1172,23,109
1313,1179,23,111
1315,1182,22,111
1328,1193,23,112
1329,1194,23,112
1341,1205,23,113
1347,1212,22,113
1350,1216,23,111
1362,1226,23,113
1364,1228,23,113
1376,1239,23,114
1377,1236,23,118
1381,1239,23,119
1382,1239,23,120
1381,1239,23,119
1381,1241,23,117
1382,1239,24,119
1380,1236,24,120
1378,1235,22,121
1384,1241,22,121
1379,1239,21,119
1385,1245,20,120
1396,1256,20,120
1412,1268,24,120
1426,1282,24,120
1434,1288,25,121
1436,1292,25,119
1438,1294,25,119
1440,1297,25,118
1445,1303,25,117
1448,1309,25,114
1450,1311,25,114
1454,1316,25,113
1470,1331,25,114
1462,1326,25,111
1467,1331,25,111
1463,1326,25,112
1465,1325,26,114
1470,1333,26,111
1476,1339,27,110
1478,1338,27,113
1478,1338,27,113
1485,1341,30,114
1489,1342,30,117
1504,1356,30,118
1511,1361,31,119
1519,1367,31,121
1527,1376,31,120
1529,1380,30,119
1534,1385,30,119
1534,1384,30,120
1538,1387,30,121
1547,1394,30,123
1548,1395,29,124
1556,1403,29,124
1560,1408,29,123
1574,1423,29,122
1576,1423,30,123
1576,1423,31,122
1583,1431,31,121
1585,1432,31,122
1592,1438,31,123
1602,1449,31,122
1598,1446,30,122
1610,1458,30,122
1615,1465,30,120
1611,1465,30,116
1629,1483,30,116
1638,1491,30,117
1646,1499,30,117
1649,1503,29,117
1657,1512,29,116
1659,1516,27,116
1656,1514,26,116
1670,1527,26,117
1683,1539,27,117
1682,1539,27,116
1679,1538,27,114
1684,1543,27,114
1691,1549,29,113
1704,1557,29,118
1709,1558,30,121
1711,1557,31,123
1720,1568,32,120
1724,1570,32,122
1726,1569,32,125
1726,1570,32,124
1736,1580,32,124
1754,1596,33,125
1761,1603,33,125
1762,1601,34,127
1773,1609,37,127
1779,1616,37,126
1781,1616,37,128
1780,1615,38,127
1786,1619,39,128
1791,1626,40,125
1797,1629,42,126
1802,1629,43,130
1802,1630,42,130
1810,1635,43,132
1813,1640,42,131
1821,1646,44,131
1822,1648,44,130
1834,1654,46,134
1839,1660,46,133
1838,1659,45,134
1843,1666,45,132
1851,1668,45,138
1852,1667,45,140
1857,1671,45,141
1852,1669,44,139
1857,1670,45,142
1856,1669,46,141
1866,1676,48,142
1868,1674,52,142
1870,1670,52,148
1874,1674,51,149
1882,1681,52,149
1883,1684,51,148
1890,1694,48,148
1891,1697,47,147
1897,1696,49,152
1913,1711,50,152
1914,1710,51,153
1908,1702,51,155
1904,1694,52,158
1907,1701,50,156
1907,1702,50,155
1911,1703,51,157
1903,1695,50,158
1912,1706,49,157
1918,1711,48,159
1919,1714,46,159
1925,1714,47,164
1931,1719,49,163
1930,1717,51,162
1943,1727,52,164
1965,1747,53,165
1980,1760,53,167
1996,1775,53,168
1998,1776,53,169
2004,1780,53,171
2007,1782,55,170
2021,1796,56,169
2030,1806,56,168
2036,1811,56,169
2037,1814,54,169
2049,1827,54,168
2065,1840,54,171
2062,1838,55,169
2068,1845,54,169
2075,1852,54,169
2077,1855,55,167
2087,1866,55,166
2094,1870,57,167
2111,1886,57,168
2105,1880,57,168
2116,1889,57,170
2125,1895,59,171
2124,1895,59,170
2131,1900,61,170
2129,1895,62,172
2128,1894,63,171
2136,1899,64,173
2145,1907,64,174
2141,1906,63,172
2148,1912,63,173
2161,1925,64,172
2157,1922,63,172
2161,1926,64,171
2172,1943,61,168
2177,1944,63,170
2188,1954,64,170
2194,1956,66,172
2192,1953,66,173
2206,1964,67,175
2206,1969,67,170
2213,1973,67,173
2213,1979,67,167
2208,1974,68,166
2213,1982,66,165
2213,1979,68,166
2217,1981,69,167
2230,1991,70,169
2232,1993,70,169
2248,2010,68,170
2242,2002,68,172
2229,1988,68,173
2230,1990,67,173
2237,1998,68,171
2257,2020,66,171
2261,2022,66,173
2264,2026,66,172
2274,2038,65,171
2284,2048,64,172
2290,2055,63,172
2306,2069,63,174
2302,2063,64,175
2296,2060,61,175
2302,2067,62,173
2314,2076,63,175
2319,2080,64,175
2325,2089,64,172
2340,2104,66,170
2341,2105,66,170
2337,2096,69,172
2353,2107,72,174
2372,2126,75,171
2357,2115,74,168
2368,2125,73,170
2368,2120,75,173
2379,2127,76,176
2401,2144,80,177
2406,2147,82,177
2427,2163,84,180
2440,2174,87,179
2447,2180,89,178
2444,2178,87,179
2445,2179,87,179
2454,2184,90,180
2448,2181,88,179
2462,2191,91,180
2471,2198,93,180
2482,2208,94,180
2500,2223,97,180
2504,2226,98,180
2509,2232,97,180
2516,2236,96,184
2527,2249,93,185
2519,2246,93,180
2529,2259,91,179
2551,2279,93,179
2560,2290,93,177
2558,2288,93,177
2578,2300,96,182
2600,2313,98,189
2612,2322,99,191
2608,2322,98,188
2603,2315,98,190
2605,2315,99,191
2604,2315,97,192
2620,2328,100,192
2629,2339,101,189
2634,2345,103,186
2633,2346,102,185
2635,2346,103,186
2634,2347,101,186
2642,2354,104,184
2673,2376,107,190
2677,2380,108,189
2685,2390,104,191
2688,2388,109,191
2710,2412,106,192
2716,2415,108,193
2735,2432,109,194
2728,2421,108,199
2749,2435,114,200
2754,2440,115,199
2755,2437,117,201
2755,2434,120,201
2771,2451,119,201
2774,2454,117,203
2765,2443,118,204
2773,2451,119,203
2784,2461,117,206
2789,2467,116,206
2794,2470,116,208
2804,2475,120,209
2802,2473,121,208
2806,2477,122,207
2818,2485,122,211
2825,2495,116,214
2826,2495,121,210
2841,2508,121,212
2866,2522,123,221
2881,2534,123,224
2886,2536,124,226
2893,2548,123,222
2921,2568,126,227
2929,2577,125,227
2929,2573,127,229
2932,2580,127,225
2931,2579,126,226
2945,2588,126,231
2950,2599,123,228
2952,2599,124,229
2947,2592,125,230
2948,2588,126,234
2948,2592,125,231
2959,2601,125,233
2975,2616,124,235
2981,2623,123,235
3002,2640,124,238
3022,2656,127,239
3029,2659,128,242
3039,2667,128,244
3048,2677,128,243
3059,2684,130,245
3072,2697,131,244
3067,2694,132,241
3075,2698,134,243
3091,2711,135,245
3089,2708,136,245
3086,2709,133,244
3089,2712,133,244
3097,2719,132,246
3118,2737,135,246
3134,2751,136,247
3142,2759,135,248
3142,2757,137,248
3152,2767,136,249
3168,2785,134,249
3178,2796,135,247
3179,2797,136,246
3189,2804,135,250
3196,2807,139,250
3207,2811,140,256
3218,2819,141,258
3235,2832,140,263
3238,2834,142,262
3241,2840,143,258
3256,2856,144,256
3260,2861,144,255
3266,2867,144,255
3286,2886,145,255
3279,2884,146,249
3291,2895,145,251
3303,2904,147,252
3302,2901,148,253
3315,2915,150,250
3329,2929,151,249
3332,2927,151,254
3344,2937,150,257
3355,2945,150,260
3364,2949,151,264
3372,2953,153,266
3379,2959,156,264
3394,2969,158,267
3403,2976,162,265
3401,2974,165,262
3401,2973,166,262
3413,2983,168,262
3420,2986,168,266
3435,2997,168,270
3435,3002,167,266
3446,3010,168,268
3441,3010,165,266
3454,3024,165,265
3450,3018,168,264
3452,3021,165,266
3465,3029,166,270
3479,3038,168,273
3481,3043,167,271
3482,3042,169,271
3492,3046,171,275
3500,3056,167,277
3492,3049,168,275
3505,3059,168,278
3525,3076,172,277
3537,3087,172,278
3542,3090,173,279
3550,3098,175,277
3559,3104,177,278
3569,3110,179,280
3580,3121,177,282
3585,3121,181,283
3588,3121,182,285
3593,3129,181,283
3597,3130,180,287
3607,3142,180,285
3613,3147,178,288
3631,3162,178,291
3640,3172,176,292
3652,3181,174,297
3650,3176,175,299
3673,3198,176,299
3665,3193,177,295
3671,3198,177,296
3689,3218,176,295
3677,3209,173,295
3698,3227,174,297
3723,3244,179,300
3737,3251,182,304
3752,3267,181,304
3755,3267,182,306
3783,3287,187,309
3779,3282,187,310
3778,3279,187,312
3787,3290,187,310
3796,3298,189,309
3803,3310,185,308
3814,3316,188,310
3833,3335,186,312
3851,3347,188,316
3845,3339,189,317
3839,3334,188,317
3856,3355,184,317
3866,3365,182,319
3867,3362,187,318
3859,3353,188,318
3855,3348,187,320
3857,3346,188,323
3865,3352,188,325
3857,3341,191,325
3871,3354,193,324
3885,3368,192,325
3874,3361,190,323
3888,3375,192,321
3910,3394,191,325
3921,3402,191,328
3938,3417,192,329
3953,3433,193,327
3955,3434,194,327
3972,3445,195,332
3973,3444,194,335
3978,3443,197,338
3990,3454,200,336
3992,3453,199,340
4008,3469,200,339
4023,3482,202,339
4050,3503,206,341
4049,3498,206,345
4059,3507,206,346
4053,3502,208,343
4065,3511,209,345
4074,3517,209,348
4082,3525,206,351
4090,3532,208,350
4093,3531,210,352
4107,3543,208,356
4112,3540,213,359
4138,3563,212,363
4131,3558,208,365
4139,3560,212,367
4147,3573,208,366
4145,3570,208,367
4170,3589,217,364
4169,3591,215,363
4171,3592,215,364
4174,3595,215,364
4164,3583,214,367
4173,3590,216,367
4179,3592,219,368
4174,3585,222,367
4177,3589,221,367
4193,3604,222,367
4196,3604,226,366
4193,3602,226,365
4226,3629,232,365
4229,3634,228,367
4245,3647,229,369
4278,3678,232,368
4281,3679,233,369
4274,3673,229,372
4280,3680,230,370
4302,3699,231,372
4314,3708,233,373
4311,3708,232,371
4336,3740,226,370
4345,3742,229,374
4347,3741,230,376
4359,3751,230,378
4364,3753,232,379
4364,3751,232,381
4390,3774,233,383
4410,3789,236,385
4406,3784,235,387
4436,3809,237,390
4432,3807,237,388
4433,3810,235,388
4431,3809,233,389
4444,3832,229,383
4459,3847,231,381
4486,3878,227,381
4515,3901,228,386
4511,3889,232,390
4507,3887,231,389
4498,3875,232,391
4501,3877,231,393
4517,3894,230,393
4523,3894,235,394
4558,3918,242,398
4572,3932,242,398
4567,3926,245,396
4594,3947,250,397
4587,3939,248,400
4578,3931,250,397
4594,3943,250,401
4602,3953,247,402
4605,3960,244,401
4619,3974,241,404
4630,3987,245,398
4639,3996,243,400
4643,3996,247,400
4661,4010,248,403
4681,4028,250,403
4689,4026,252,411
4718,4053,250,415
4730,4065,251,414
4722,4054,250,418
4727,4052,253,422
4727,4054,255,418
4746,4073,254,419
4752,4076,254,422
4763,4087,249,427
4787,4106,249,432
4777,4100,248,429
4790,4106,250,434
4800,4119,248,433
4827,4143,249,435
4819,4138,249,432
4834,4151,250,433
4848,4161,252,435
4863,4177,251,435
4872,4192,244,436
4882,4197,247,438
4906,4220,244,442
4898,4212,240,446
4902,4218,239,445
4918,4233,244,441
4938,4244,250,444
4948,4250,251,447
4966,4267,251,448
4981,4274,254,453
4976,4267,253,456
5006,4293,253,460
5009,4294,258,457
5016,4306,255,455
5041,4333,259,449
5054,4354,255,445
5046,4341,256,449
5072,4363,255,454
5063,4351,254,458
5065,4351,256,458
5072,4352,261,459
5083,4356,265,462
5095,4365,265,465
5119,4393,265,461
5118,4389,265,464
5135,4402,266,467
5129,4393,268,468
5128,4389,270,469
5134,4390,272,472
5147,4402,273,472
5147,4398,274,475
5164,4407,278,479
5197,4439,277,481
5213,4449,282,482
5218,4451,283,484
5212,4439,285,488
5248,4467,284,497
5262,4480,283,499
5282,4492,287,503
5276,4486,288,502
5258,4470,284,504
5255,4462,285,508
5285,4493,286,506
5301,4510,284,507
5320,4524,288,508
5313,4519,284,510
5339,4536,286,517
5345,4542,286,517
5356,4551,288,517
5385,4576,290,519
5373,4561,292,520
5400,4585,298,517
5410,4593,299,518
5425,4603,303,519
5438,4609,308,521
5418,4593,307,518
5439,4615,307,517
5468,4642,309,517
5492,4665,307,520
5517,4690,308,519
5518,4686,309,523
5507,4674,311,522
5521,4689,306,526
5529,4695,305,529
5548,4707,310,531
5560,4721,308,531
5559,4720,310,529
5589,4750,307,532
5596,4758,306,532
5582,4744,305,533
5603,4762,305,536
5623,4779,309,535
5642,4797,308,537
5633,4789,308,536
5633,4789,308,536
5658,4807,312,539
5649,4800,311,538
5652,4801,313,538
5672,4816,316,540
5687,4834,317,536
5686,4834,315,537
5711,4852,319,540
5712,4856,315,541
5721,4861,314,546
5754,4892,315,547
5763,4896,319,548
5771,4892,326,553
5759,4882,323,554
5775,4897,322,556
5779,4899,324,556
5786,4906,328,552
5785,4914,325,546
5788,4919,325,544
5807,4934,328,545
5818,4953,331,534
5833,4965,331,537
5841,4967,333,541
5862,4981,340,541
5866,4976,348,542
5879,4995,343,541
5903,5011,342,550
5911,5018,340,553
5924,5029,339,556
5939,5045,339,555
5957,5058,350,549
5974,5076,347,551
5986,5089,348,549
6005,5103,345,557
6009,5100,350,559
6003,5094,350,559
6025,5114,349,562
6036,5118,352,566
6038,5125,350,563
6051,5133,351,567
6064,5147,347,570
6076,5152,351,573
6098,5173,352,573
6121,5190,355,576
6125,5196,353,576
6116,5184,352,580
6126,5195,349,582
6140,5213,349,578
6140,5212,349,579
6143,5215,349,579
6136,5211,343,582
6135,5212,341,582
6148,5222,342,584
6163,5236,340,587
6177,5246,341,590
6189,5263,340,586
6189,5265,341,583
6187,5259,344,584
6204,5267,349,588
6228,5282,354,592
6253,5304,354,595
6276,5327,355,594
6283,5340,353,590
6282,5337,356,589
6289,5346,356,587
6300,5353,354,593
6302,5348,362,592
6359,5399,369,591
6364,5408,363,593
6369,5418,362,589
6400,5443,365,592
6406,5454,367,585
6392,5453,367,572
6405,5468,365,572
6413,5471,363,579
6419,5468,366,585
6432,5481,367,584
6438,5483,371,584
6456,5494,372,590
6486,5524,375,587
6504,5537,377,590
6516,5543,380,593
6538,5565,381,592
6535,5565,383,587
6528,5564,379,585
6538,5571,378,589
6542,5567,385,590
6551,5573,388,590
6576,5594,389,593
6586,5599,392,595
6609,5619,390,600
6615,5626,390,599
6625,5637,392,596
6632,5647,389,596
6652,5664,392,596
6654,5659,394,601
6669,5666,401,602
6676,5673,402,601
6690,5680,405,605
6703,5692,407,604
6709,5702,404,603
6735,5722,407,606
6758,5745,407,606
6769,5752,410,607
6778,5760,411,607
6795,5776,411,608
6797,5780,411,606
6809,5789,418,602
6815,5795,415,605
6829,5806,419,604
6834,5813,414,607
6841,5811,423,607
6856,5819,425,612
6855,5828,421,606
6869,5844,418,607
6859,5833,420,606
6861,5831,425,605
6842,5816,427,599
6863,5834,426,603
6873,5844,424,605
6888,5858,417,613
6895,5858,423,614
6911,5873,425,613
6931,5892,428,611
6952,5914,427,611
6969,5922,431,616
6975,5937,424,614
6983,5940,425,618
6982,5928,434,620
7002,5948,433,621
7005,5954,435,616
7001,5955,430,616
7016,5965,437,614
7012,5956,440,616
7031,5966,445,620
7063,5990,452,621
7069,5999,449,621
7065,5993,451,621
7082,6006,457,619
7097,6019,458,620
7107,6021,458,628
7131,6040,461,630
7111,6025,458,628
7137,6043,461,633
7164,6071,457,636
7194,6100,458,636
7197,6095,459,643
7193,6092,459,642
7208,6095,466,647
7244,6129,468,647
7271,6146,471,654
7270,6142,474,654
7276,6154,471,651
7286,6155,475,656
7290,6158,477,655
7297,6159,484,654
7329,6190,487,652
7368,6227,488,653
7355,6219,485,651
7384,6243,491,650
7411,6267,490,654
7402,6264,486,652
7432,6289,485,658
7439,6295,485,659
7423,6273,488,662
7435,6283,493,659
7435,6285,500,650
7441,6292,501,648
7475,6323,503,649
7499,6339,507,653
7487,6334,504,649
7515,6357,507,651
7548,6394,502,652
7550,6392,500,658
7578,6416,501,661
7565,6399,505,661
7573,6407,507,659
7590,6417,509,664
7592,6427,504,661
7614,6435,510,669
7634,6452,511,671
7635,6449,516,670
7653,6460,524,669
7680,6482,529,669
7673,6475,531,667
7674,6469,536,669
7661,6459,533,669
7667,6460,535,672
7658,6451,537,670
7688,6480,545,663
7716,6499,553,664
7749,6521,555,673
7758,6531,552,675
7783,6553,555,675
7777,6552,551,674
7789,6565,552,672
7777,6550,555,672
7798,6564,561,673
7798,6572,559,667
7799,6571,560,668
7821,6594,560,667
7825,6603,556,666
7829,6608,558,663
7837,6609,560,668
7897,6658,565,674
7903,6663,566,674
7935,6696,563,676
7951,6704,566,681
7955,6712,567,676
7956,6707,569,680
7970,6723,566,681
7975,6725,571,679
7988,6729,576,683
8003,6737,581,685
8022,6751,585,686
8038,6767,586,685
8029,6764,587,678
8048,6785,586,677
8069,6796,592,681
8073,6796,590,687
8079,6800,592,687
8111,6824,595,692
8115,6829,595,691
8102,6816,596,690
8122,6827,603,692
8130,6838,599,693
8123,6834,598,691
8135,6843,597,695
8126,6840,594,692
8142,6847,602,693
8138,6838,603,697
8169,6866,598,705
8177,6870,596,711
8189,6880,596,713
8202,6895,599,708
8236,6922,607,707
8270,6954,605,711
8275,6953,604,718
8287,6962,604,721
8294,6962,612,720
8320,6989,614,717
8326,6996,614,716
8332,7003,615,714
8366,7030,620,716
8374,7036,620,718
8407,7059,625,723
8403,7052,625,726
8413,7057,629,727
8446,7085,635,726
8457,7095,636,726
8478,7107,642,729
8504,7132,640,732
8502,7138,635,729
8511,7146,638,727
8543,7175,639,729
8547,7174,639,734
8575,7196,638,741
8586,7208,636,742
8571,7196,639,736
8578,7199,643,736
8580,7206,644,730
8586,7214,642,730
8573,7201,640,732
8593,7228,634,731
8591,7224,635,732
8607,7228,638,741
8582,7203,641,738
8587,7202,642,743
8594,7202,651,741
8614,7211,656,747
8626,7230,656,740
8660,7253,664,743
8661,7244,670,747
8674,7254,671,749
8688,7276,668,744
8702,7292,666,744
8706,7293,671,742
8738,7319,671,748
8740,7324,671,745
8746,7325,675,746
8789,7359,677,753
8810,7370,676,764
8817,7383,674,760
8822,7394,673,755
8832,7405,673,754
8848,7410,680,758
8847,7408,685,754
8859,7423,685,751
8897,7450,692,755
8911,7464,696,751
8941,7490,703,748
8962,7506,709,747
8969,7512,709,748
8993,7525,718,750
9001,7537,715,749
9001,7526,723,752
9025,7540,726,759
9052,7569,725,758
9056,7570,723,763
9093,7595,729,769
9091,7593,727,771
9091,7592,723,776
9097,7601,726,770
9113,7611,727,775
9170,7651,734,785
9194,7680,734,780
9205,7681,738,786
9238,7713,746,779
9264,7734,748,782
9265,7736,744,785
9263,7734,744,785
9275,7731,756,788
9292,7749,757,786
9292,7747,757,788
9312,7756,764,792
9329,7772,767,790
9335,7766,770,799
9357,7783,774,800
9375,7791,780,804
9392,7796,785,811
9374,7780,781,813
9367,7778,776,813
9372,7783,782,807
9367,7781,778,808
9409,7826,776,807
9412,7831,774,807
9420,7843,777,800
9443,7863,780,800
9475,7879,789,807
9460,7862,789,809
9487,7881,791,815
9476,7871,791,814
9484,7869,800,815
9475,7863,800,812
9512,7898,800,814
9523,7908,800,815
9534,7925,802,807
9517,7909,802,806
9553,7939,809,805
9540,7920,808,812
9550,7926,813,811
9565,7937,812,816
9570,7944,811,815
9581,7951,813,817
9621,7987,817,817
9650,8007,820,823
9684,8039,819,826
9677,8038,819,820
9717,8063,829,825
9727,8065,830,832
9756,8091,831,834
9766,8101,832,833
9768,8103,837,828
9788,8139,834,815
9789,8142,835,812
9801,8152,835,814
9843,8182,843,818
9865,8194,850,821
9906,8227,850,829
9884,8205,849,830
9892,8205,855,832
9910,8219,857,834
9917,8228,859,830
9935,8254,852,829
9946,8266,852,828
10002,8305,860,837
10007,8303,865,839
10055,8347,866,842
10091,8375,871,845
10086,8365,874,847
10089,8370,875,844
10067,8351,878,838
10085,8364,883,838
10097,8374,884,839
10096,8377,884,835
10075,8349,890,836
10094,8362,892,840
10100,8381,879,840
10119,8395,880,844
10148,8414,886,848
10161,8421,893,847
10157,8421,884,852
10175,8430,888,857
10187,8443,889,855
10192,8442,893,857
10209,8448,899,862
10212,8455,897,860
10216,8451,907,858
10253,8487,902,864
10266,8492,907,867
10291,8508,917,866
10295,8514,918,863
10312,8529,922,861
10299,8514,921,864
10311,8529,921,861
10328,8536,929,863
10336,8542,931,863
10353,8568,924,861
10360,8567,928,865
10391,8592,934,865
10376,8583,933,860
10396,8587,938,871
10414,8601,941,872
10429,8605,947,877
10456,8621,947,888
10478,8652,943,883
10499,8670,947,882
10512,8673,952,887
10535,8701,948,886
10540,8703,949,888
10549,8700,960,889
10550,8699,961,890
10572,8712,969,891
10612,8739,975,898
10601,8733,973,895
10629,8749,984,896
10661,8770,990,901
10679,8785,983,911
10678,8782,988,908
10674,8777,991,906
10690,8790,1000,900
10682,8786,994,902
10705,8804,1002,899
10728,8817,1006,905
10778,8857,1013,908
10759,8846,1006,907
10792,8872,1009,911
10825,8894,1012,919
10859,8916,1017,926
10861,8909,1027,925
10869,8919,1027,923
10884,8919,1035,930
10891,8917,1038,936
10913,8935,1042,936
10965,8978,1048,939
10962,8970,1053,939
10973,8972,1055,946
11014,9010,1057,947
11022,9011,1062,949
11028,9008,1072,948
11033,9012,1072,949
11044,9023,1078,943
11041,9020,1076,945
11061,9020,1089,952
11094,9048,1088,958
11135,9082,1092,961
11141,9086,1095,960
11134,9072,1099,963
11154,9084,1100,970
11137,9080,1090,967
11176,9102,1094,980
11199,9125,1095,979
11224,9139,1104,981
11238,9149,1105,984
11245,9155,1106,984
11273,9190,1101,982
11296,9213,1103,980
11285,9192,1105,988
11281,9184,1111,986
11305,9209,1111,985
11317,9212,1122,983
11332,9231,1118,983
11364,9249,1123,992
11379,9261,1122,996
11386,9259,1121,1006
11394,9258,1127,1009
11419,9278,1129,1012
11440,9295,1139,1006
11472,9332,1127,1013
11490,9341,1131,1018
11518,9362,1133,1023
11528,9375,1128,1025
11521,9375,1120,1026
11515,9376,1119,1020
11533,9385,1122,1026
11533,9383,1125,1025
11544,9383,1132,1029
11565,9393,1138,1034
11581,9402,1147,1032
11598,9417,1144,1037
11619,9441,1147,1031
11614,9431,1150,1033
11625,9438,1150,1037
11630,9438,1155,1037
11631,9435,1162,1034
11653,9453,1167,1033
11635,9434,1166,1035
11661,9460,1166,1035
11693,9494,1164,1035
11690,9478,1170,1042
11702,9485,1176,1041
11754,9524,1181,1049
11778,9542,1180,1056
11808,9561,1182,1065
11830,9583,1180,1067
11838,9586,1179,1073
11861,9604,1182,1075
11881,9617,1184,1080
11897,9623,1195,1079
11925,9645,1199,1081
11930,9645,1204,1081
11946,9664,1197,1085
11964,9673,1208,1083
11975,9686,1202,1087
12012,9706,1213,1093
12015,9703,1218,1094
12012,9705,1211,1096
12023,9712,1217,1094
12051,9736,1219,1096
12048,9731,1211,1106
12054,9732,1214,1108
12068,9743,1214,1111
12074,9741,1224,1109
12089,9754,1223,1112
12102,9748,1240,1114
12122,9768,1243,1111
12153,9796,1248,1109
12157,9791,1255,1111
12152,9787,1257,1108
12151,9793,1251,1107
12189,9822,1256,1111
12182,9815,1254,1113
12174,9811,1258,1105
12209,9832,1266,1111
12233,9851,1265,1117
12250,9860,1272,1118
12260,9870,1270,1120
12292,9897,1273,1122
12314,9920,1273,1121
12307,9918,1267,1122
12324,9919,1277,1128
12327,9914,1283,1130
12341,9929,1283,1129
12348,9935,1279,1134
12338,9932,1277,1129
12353,9938,1282,1133
12361,9936,1289,1136
12363,9936,1292,1135
12367,9937,1292,1138
12393,9961,1293,1139
12419,9991,1290,1138
12432,10006,1291,1135
12457,10027,1294,1136
12486,10049,1305,1132
12533,10081,1319,1133
12551,10102,1315,1134
12559,10105,1318,1136
12593,10128,1328,1137
12591,10127,1328,1136
12577,10110,1332,1135
12589,10123,1330,1136
12559,10103,1331,1125
12556,10097,1328,1131
12595,10128,1339,1128
12603,10130,1334,1139
12618,10137,1334,1147
12633,10155,1329,1149
12662,10179,1332,1151
12662,10180,1334,1148
12699,10219,1332,1148
12747,10257,1342,1148
12769,10279,1339,1151
12801,10296,1347,1158
12828,10324,1348,1156
12828,10318,1350,1160
12871,10348,1356,1167
12871,10357,1352,1162
12895,10364,1359,1172
12891,10357,1361,1173
12892,10348,1370,1174
12888,10338,1375,1175
12902,10339,1380,1183
12918,10353,1383,1182
12930,10360,1389,1181
12953,10389,1386,1178
12966,10391,1386,1189
12975,10380,1399,1196
13004,10400,1411,1193
13021,10414,1412,1195
13027,10412,1415,1200
13063,10436,1419,1208
13077,10436,1427,1214
13091,10434,1439,1218
13067,10405,1447,1215
13078,10418,1449,1211
13097,10423,1455,1219
13134,10450,1456,1228
13136,10452,1459,1225
13172,10488,1461,1223
13175,10497,1458,1220
13195,10509,1463,1223
13226,10537,1468,1221
13273,10568,1477,1228
13291,10588,1480,1223
13292,10600,1471,1221
13329,10630,1476,1223
13348,10636,1484,1228
13340,10623,1491,1226
13359,10640,1498,1221
13362,10636,1497,1229
13393,10659,1499,1235
13425,10686,1503,1236
13460,10706,1517,1237
13487,10728,1526,1233
13513,10750,1522,1241
13517,10748,1523,1246
13519,10750,1525,1244
13553,10765,1536,1252
13570,10766,1545,1259
13546,10754,1540,1252
13560,10761,1549,1250
13565,10764,1546,1255
13589,10764,1564,1261
13627,10799,1569,1259
13649,10820,1570,1259
13646,10816,1568,1262
13649,10812,1573,1264
13603,10769,1582,1252
13600,10772,1573,1255
13606,10783,1566,1257
13639,10815,1567,1257
13650,10817,1581,1252
13726,10876,1589,1261
13728,10878,1591,1259
13761,10900,1600,1261
13777,10927,1589,1261
13796,10927,1598,1271
13789,10913,1604,1272
13792,10904,1617,1271
13811,10921,1619,1271
13837,10940,1621,1276
13862,10960,1620,1282
13893,10980,1629,1284
13890,10974,1632,1284
13893,10979,1631,1283
13886,10970,1635,1281
13869,10954,1637,1278
13903,10997,1631,1275
13904,10990,1636,1278
13907,10995,1631,1281
13928,11002,1640,1286
13994,11040,1661,1293
14044,11075,1671,1298
14055,11090,1668,1297
14066,11098,1669,1299
14089,11111,1671,1307
14110,11131,1669,1310
14114,11130,1672,1312
14130,11139,1669,1322
14162,11165,1668,1329
14180,11178,1673,1329
14200,11192,1677,1331
14248,11235,1679,1334
14275,11254,1684,1337
14290,11241,1705,1344
14315,11263,1706,1346
14326,11279,1701,1346
14357,11293,1700,1364
14387,11312,1704,1371
14382,11316,1703,1363
14369,11320,1696,1353
14384,11320,1701,1363
14419,11337,1712,1370
14440,11338,1726,1376
14422,11314,1731,1377
14446,11332,1741,1373
14452,11331,1753,1368
14470,11353,1757,1360
14467,11345,1758,1364
14451,11335,1757,1359
14484,11371,1743,1370
14495,11381,1741,1373
14535,11419,1745,1371
14549,11432,1741,1376
14529,11413,1743,1373
14542,11412,1745,1385
14549,11415,1746,1388
14561,11426,1753,1382
14553,11437,1736,1380
14607,11483,1731,1393
14633,11506,1731,1396
14632,11501,1731,1400
14672,11536,1734,1402
14695,11553,1747,1395
14745,11588,1756,1401
14749,11576,1764,1409
14774,11587,1773,1414
14763,11576,1777,1410
14790,11607,1777,1406
14788,11607,1776,1405
14821,11632,1785,1404
14823,11633,1790,1400
14854,11647,1800,1407
14872,11664,1795,1413
14905,11688,1799,1418
14918,11689,1806,1423
14937,11710,1805,1422
14957,11725,1807,1425
14979,11741,1814,1424
14991,11755,1815,1421
15019,11777,1818,1424
15019,11776,1815,1428
15027,11774,1827,1426
15028,11773,1825,1430
15035,11763,1828,1444
15059,11786,1830,1443
15066,11792,1833,1441
15109,11808,1860,1441
15116,11803,1868,1445
15111,11803,1863,1445
15138,11816,1872,1450
15159,11840,1876,1443
15176,11837,1890,1449
15223,11879,1891,1453
15240,11888,1894,1458
15249,11881,1914,1454
15280,11922,1918,1440
15300,11940,1925,1435
15323,11967,1923,1433
15329,11968,1923,1438
15344,11965,1935,1444
15341,11946,1941,1454
15329,11939,1937,1453
15341,11938,1947,1456
15358,11954,1947,1457
15368,11975,1941,1452
15348,11955,1941,1452
15367,11966,1934,1467
15399,11981,1941,1477
15427,11995,1948,1484
15452,12012,1957,1483
15480,12044,1954,1482
15518,12064,1964,1490
15542,12081,1972,1489
15531,12082,1965,1484
15558,12093,1978,1487
15585,12114,1984,1487
15579,12104,1986,1489
15629,12140,1990,1499
15614,12117,2000,1497
15643,12147,2000,1496
15701,12195,2014,1492
15685,12181,2008,1496
15696,12197,2005,1494
15720,12208,2011,1501
15736,12229,2005,1502
15756,12244,2010,1502
15785,12268,2006,1511
15793,12273,2009,1511
15818,12291,2016,1511
15842,12322,2016,1504
15857,12340,2011,1506
15870,12341,2014,1515
15897,12362,2012,1523
15920,12374,2024,1522
15939,12383,2037,1519
15955,12400,2038,1517
15987,12417,2050,1520
15990,12425,2044,1521
16031,12443,2060,1528
16053,12461,2070,1522
16066,12477,2077,1512
16079,12482,2082,1515
16113,12498,2092,1523
16123,12501,2101,1521
16135,12512,2107,1516
16149,12524,2114,1511
16140,12513,2116,1511
16174,12543,2117,1514
16178,12539,2124,1515
16153,12527,2109,1517
16178,12537,2109,1532
16193,12545,2109,1539
16218,12561,2116,1541
16240,12592,2116,1532
16273,12612,2123,1538
16269,12600,2125,1544
16292,12622,2125,1545
16288,12628,2115,1545
16297,12620,2127,1550
16325,12637,2137,1551
16317,12644,2123,1550
16341,12661,2129,1551
16350,12668,2133,1549
16375,12675,2143,1557
16410,12697,2151,1562
16434,12703,2166,1565
16453,12713,2166,1574
16454,12718,2164,1572
16497,12765,2164,1568
16509,12765,2174,1570
16500,12753,2175,1572
16528,12769,2187,1572
16534,12763,2198,1573
16556,12777,2195,1584
16577,12787,2209,1581
16621,12815,2221,1585
16643,12831,2222,1590
16669,12856,2216,1597
16662,12849,2213,1600
16666,12852,2212,1602
16672,12871,2218,1583
16675,12878,2218,1579
16702,12898,2221,1583
16716,12887,2242,1587
16735,12888,2257,1590
16779,12908,2271,1600
16780,12919,2265,1596
16829,12955,2276,1598
16853,12971,2287,1595
16888,12992,2296,1600
16880,12978,2298,1604
16896,13003,2301,1592
16938,13039,2306,1593
16936,13041,2300,1595
16961,13061,2297,1603
16956,13057,2289,1610
16964,13054,2301,1609
16990,13071,2300,1619
16984,13079,2287,1618
17002,13079,2300,1623
17022,13086,2314,1622
17043,13095,2330,1618
17100,13144,2329,1627
17127,13164,2334,1629
17133,13175,2330,1628
17158,13188,2332,1638
17143,13163,2338,1642
17171,13188,2335,1648
17173,13180,2342,1651
17185,13190,2353,1642
17237,13232,2360,1645
17271,13246,2374,1651
17305,13276,2374,1655
17328,13289,2385,1654
17345,13304,2390,1651
17367,13314,2396,1657
17393,13319,2419,1655
17408,13342,2417,1649
17386,13330,2410,1646
17444,13373,2421,1650
17474,13403,2429,1642
17480,13404,2427,1649
17524,13430,2428,1666
17541,13427,2444,1670
17565,13448,2447,1670
17618,13482,2462,1674
17627,13496,2467,1664
17608,13478,2468,1662
17624,13475,2484,1665
17634,13483,2482,1669
17676,13510,2494,1672
17684,13520,2483,1681
17716,13548,2478,1690
17704,13539,2482,1683
17742,13571,2491,1680
17788,13609,2498,1681
17824,13635,2508,1681
17859,13665,2518,1676
17891,13675,2534,1682
17910,13672,2544,1694
17907,13658,2556,1693
17931,13688,2555,1688
17943,13702,2549,1692
17922,13684,2555,1683
17916,13679,2558,1679
17960,13710,2564,1686
17992,13725,2569,1698
17995,13732,2563,1700
18002,13744,2556,1702
18019,13752,2556,1711
18049,13765,2569,1715
18093,13807,2575,1711
18112,13822,2582,1708
18138,13836,2592,1710
18178,13854,2610,1714
18205,13881,2614,1710
18199,13887,2609,1703
18212,13903,2607,1702
18220,13896,2616,1708
18249,13924,2615,1710
18253,13930,2613,1710
18296,13959,2625,1712
18310,13976,2626,1708
18325,13983,2626,1716
18349,13988,2643,1718
18373,13997,2654,1722
18393,14017,2649,1727
18398,14028,2644,1726
18399,14019,2648,1732
18428,14043,2649,1736
18444,14060,2651,1733
18453,14059,2657,1737
18478,14084,2662,1732
18484,14076,2675,1733
18483,14060,2686,1737
18521,14083,2684,1754
18565,14111,2689,1765
18608,14146,2692,1770
18640,14162,2695,1783
18629,14153,2692,1784
18643,14153,2695,1795
18659,14168,2699,1792
18673,14165,2717,1791
18695,14166,2730,1799
18731,14191,2737,1803
18740,14217,2728,1795
18780,14254,2732,1794
18770,14250,2729,1791
18789,14269,2736,1784
18842,14311,2745,1786
18857,14324,2746,1787
18875,14330,2756,1789
18856,14329,2746,1781
18895,14344,2757,1794
18921,14370,2759,1792
18931,14394,2754,1783
18913,14373,2750,1790
18926,14372,2762,1792
18951,14377,2781,1793
18948,14380,2772,1796
18973,14400,2777,1796
19002,14420,2788,1794
19015,14423,2795,1797
19047,14440,2794,1813
19070,14468,2788,1814
19116,14506,2800,1810
19159,14533,2812,1814
19205,14569,2816,1820
19217,14568,2820,1829
19266,14588,2835,1843
19300,14601,2857,1842
19319,14608,2861,1850
19306,14590,2869,1847
19320,14590,2872,1858
19346,14619,2870,1857
19355,14637,2869,1849
19388,14652,2880,1856
19405,14662,2882,1861
19437,14692,2893,1852
19447,14704,2895,1848
19433,14692,2888,1853
19514,14742,2913,1859
19508,14746,2909,1853
19533,14750,2923,1860
19530,14757,2920,1853
19557,14759,2940,1858
19550,14742,2948,1860
19558,14746,2957,1855
19529,14712,2972,1845
19567,14746,2976,1845
19609,14784,2980,1845
19675,14828,2991,1856
19672,14836,2989,1847
19692,14846,2998,1848
19722,14871,3002,1849
19752,14879,3018,1855
19768,14896,3008,1864
19782,14921,3008,1853
19773,14917,3005,1851
19795,14929,3013,1853
19819,14945,3020,1854
19828,14937,3036,1855
19844,14945,3043,1856
19886,14972,3047,1867
19929,15013,3047,1869
19883,14974,3035,1874
19903,15003,3034,1866
19906,14996,3044,1866
19955,15032,3053,1870
19960,15031,3062,1867
19954,15018,3064,1872
19993,15044,3081,1868
20021,15067,3083,1871
20046,15070,3088,1888
20087,15116,3087,1884
20146,15157,3102,1887
20181,15171,3112,1898
20202,15178,3122,1902
20240,15204,3133,1903
20262,15238,3121,1903
20264,15241,3124,1899
20287,15248,3131,1908
20292,15235,3145,1912
20337,15265,3157,1915
20331,15260,3153,1918
20352,15276,3155,1921
20350,15271,3151,1928
20378,15288,3150,1940
20415,15316,3159,1940
20462,15339,3178,1945
20491,15363,3183,1945
20515,15374,3197,1944
20527,15378,3200,1949
20564,15392,3230,1942
20578,15385,3240,1953
20587,15374,3255,1958
20579,15362,3260,1957
20617,15401,3249,1967
20610,15389,3254,1967
20633,15401,3271,1961
20643,15409,3269,1965
20684,15445,3272,1967
20696,15462,3275,1959
20725,15482,3287,1956
20741,15500,3280,1961
20761,15516,3285,1960
20779,15520,3293,1966
20794,15531,3296,1967
20805,15541,3296,1968
20848,15589,3296,1963
20900,15636,3293,1971
20906,15626,3312,1968
20930,15644,3317,1969
20918,15624,3323,1971
20924,15615,3336,1973
20985,15652,3357,1976
20974,15626,3363,1985
21007,15650,3363,1994
21024,15660,3375,1989
21058,15675,3383,2000
21083,15683,3401,1999
21105,15710,3399,1996
21102,15706,3399,1997
21140,15735,3405,2000
21119,15730,3388,2001
21134,15743,3391,2000
21197,15789,3399,2009
21199,15773,3408,2018
21252,15819,3416,2017
21272,15831,3418,2023
21284,15852,3414,2018
21290,15868,3400,2022
21297,15864,3401,2032
21347,15894,3418,2035
21340,15880,3434,2026
21340,15872,3434,2034
21383,15899,3440,2044
21384,15920,3431,2033
21424,15949,3439,2036
21467,15974,3442,2051
21479,15990,3441,2048
21497,16022,3435,2040
21511,16026,3441,2044
21568,16080,3452,2036
21611,16105,3463,2043
21646,16124,3486,2036
21669,16136,3492,2041
21701,16163,3499,2039
21735,16176,3516,2043
21739,16174,3519,2046
21741,16171,3534,2036
21757,16168,3539,2050
21766,16187,3537,2042
21765,16172,3555,2038
21768,16162,3566,2040
21791,16167,3574,2050
21825,16209,3565,2051
21879,16252,3568,2059
21877,16249,3558,2070
21946,16306,3556,2084
21970,16320,3559,2091
22004,16327,3580,2097
22040,16352,3589,2099
22018,16349,3568,2101
22034,16354,3578,2102
22028,16336,3589,2103
22035,16335,3597,2103
22008,16302,3595,2111
22040,16332,3598,2110
22107,16380,3614,2113
22094,16367,3609,2118
22155,16406,3630,2119
22159,16402,3635,2122
22191,16431,3650,2110
22193,16421,3655,2117
22193,16430,3652,2111
22221,16439,3675,2107
22251,16462,3676,2113
22263,16468,3681,2114
22266,16470,3691,2105
22300,16492,3693,2115
22315,16492,3701,2122
22336,16509,3704,2123
22382,16534,3725,2123
22402,16548,3725,2129
22437,16557,3748,2132
22446,16559,3752,2135
22456,16556,3750,2150
22443,16542,3752,2149
22476,16569,3746,2161
22528,16622,3752,2154
22536,16615,3773,2148
22554,16631,3769,2154
22563,16630,3784,2149
22612,16664,3793,2155
22620,16652,3807,2161
22627,16670,3798,2159
22609,16639,3812,2158
22659,16680,3812,2167
22708,16708,3817,2183
22721,16709,3828,2184
22720,16678,3843,2199
22721,16679,3849,2193
22732,16681,3860,2191
22774,16704,3878,2192
22807,16722,3890,2195
22822,16744,3883,2195
22833,16741,3898,2194
22860,16762,3901,2197
22887,16795,3889,2203
22904,16801,3888,2215
22950,16853,3884,2213
22935,16821,3890,2224
22943,16841,3885,2217
22986,16861,3898,2227
22990,16867,3897,2226
23028,16909,3891,2228
23064,16921,3918,2225
23066,16916,3924,2226
23061,16922,3921,2218
23065,16923,3920,2222
23082,16918,3932,2232
23087,16904,3939,2244
23129,16934,3948,2247
23120,16928,3928,2264
23159,16952,3947,2260
23177,16960,3958,2259
23229,16989,3970,2270
23264,17005,3984,2275
23286,17014,3999,2273
23343,17059,4003,2281
23356,17055,4016,2285
23378,17053,4039,2286
23367,17039,4041,2287
23400,17069,4048,2283
23412,17082,4055,2275
23469,17126,4057,2286
23497,17156,4053,2288
23512,17163,4060,2289
23508,17169,4059,2280
23560,17196,4072,2292
23574,17208,4079,2287
23579,17201,4084,2294
23603,17223,4101,2279
23629,17237,4103,2289
23648,17231,4108,2309
23676,17251,4111,2314
23639,17214,4109,2316
23635,17225,4093,2317
23682,17247,4105,2330
23716,17276,4110,2330
23751,17287,4129,2335
23766,17300,4130,2336
23824,17333,4142,2349
23856,17351,4158,2347
23907,17388,4164,2355
23913,17384,4175,2354
23970,17442,4177,2351
23976,17469,4165,2342
23973,17449,4174,2350
23967,17430,4181,2356
23980,17438,4188,2354
23994,17428,4204,2362
24024,17438,4215,2371
24076,17473,4227,2376
24050,17458,4214,2378
24040,17435,4217,2388
24085,17460,4231,2394
24107,17486,4218,2403
24160,17530,4233,2397
24188,17525,4246,2417
24175,17512,4248,2415
24236,17545,4270,2421
24246,17537,4286,2423
24279,17557,4299,2423
24306,17593,4298,2415
24308,17574,4319,2415
24335,17589,4336,2410
24357,17587,4347,2423
24415,17621,4351,2443
24454,17637,4373,2444
24516,17695,4387,2434
24498,17674,4387,2437
24518,17696,4396,2426
24552,17707,4411,2434
24579,17717,4421,2441
24610,17727,4441,2442
24647,17737,4463,2447
24665,17763,4451,2451
24692,17783,4455,2454
24709,17776,4472,2461
24764,17803,4491,2470
24791,17824,4501,2466
24775,17809,4494,2472
24821,17842,4510,2469
24852,17864,4516,2472
24880,17882,4521,2477
24906,17900,4528,2478
24968,17951,4532,2485
24938,17919,4531,2488
24965,17943,4525,2497
24993,17962,4533,2498
25034,17981,4548,2505
25042,17999,4542,2501
24991,17951,4533,2507
24985,17937,4539,2509
25055,17968,4572,2515
25085,17990,4575,2520
25159,18036,4590,2533
25173,18060,4580,2533
25143,18041,4571,2531
25169,18049,4585,2535
25215,18079,4601,2535
25257,18105,4615,2537
25241,18096,4611,2534
25272,18142,4598,2532
25295,18144,4608,2543
25320,18155,4621,2544
25351,18167,4632,2552
25390,18183,4650,2557
25445,18220,4662,2563
25452,18225,4659,2568
25502,18245,4689,2568
25537,18263,4697,2577
25570,18281,4709,2580
25571,18289,4710,2572
25586,18304,4697,2585
25647,18360,4702,2585
25662,18371,4702,2589
25665,18357,4712,2596
25666,18340,4717,2609
25702,18376,4709,2617
25704,18396,4695,2613
25733,18404,4707,2622
25735,18411,4718,2606
25751,18414,4726,2611
25798,18446,4731,2621
25849,18464,4745,2640
25850,18462,4760,2628
25867,18460,4775,2632
25930,18507,4792,2631
25932,18508,4799,2625
25914,18498,4798,2618
25905,18479,4808,2618
25975,18533,4815,2627
25984,18536,4818,2630
26010,18538,4834,2638
25977,18509,4844,2624
26009,18534,4851,2624
26087,18566,4893,2628
26098,18573,4894,2631
26132,18593,4903,2636
26146,18589,4906,2651
26148,18586,4918,2644
26176,18611,4918,2647
26173,18604,4921,2648
26229,18641,4924,2664
26285,18672,4940,2673
26308,18681,4946,2681
26323,18683,4952,2688
26340,18696,4953,2691
26333,18679,4950,2704
26381,18717,4961,2703
26435,18740,4981,2714
26432,18746,4983,2703
26414,18721,4981,2712
26428,18720,4989,2719
26465,18742,5005,2718
26483,18762,5006,2715
26484,18742,5022,2720
26540,18794,5021,2725
26560,18805,5032,2723
26538,18799,5024,2715
26567,18821,5029,2717
26569,18803,5053,2713
26626,18853,5059,2714
26644,18878,5054,2712
26703,18926,5064,2713
26693,18913,5078,2702
26673,18884,5080,2709
26670,18888,5080,2702
26678,18883,5092,2703
26725,18904,5109,2712
26753,18916,5126,2711
26760,18928,5121,2711
26757,18930,5126,2701
26822,18983,5127,2712
26846,18986,5151,2709
26893,19011,5167,2715
26925,19039,5164,2722
26962,19062,5170,2730
27013,19090,5190,2733
27017,19108,5180,2729
27035,19100,5197,2738
27050,19100,5218,2732
27053,19112,5216,2725
27102,19145,5234,2723
27111,19164,5220,2727
27128,19185,5224,2719
27103,19157,5219,2727
27127,19172,5233,2722
27151,19183,5238,2730
27156,19184,5237,2735
27195,19216,5237,2742
27237,19240,5251,2746
27267,19252,5259,2756
27287,19260,5271,2756
27292,19264,5272,2756
27311,19273,5283,2755
27288,19253,5278,2757
27296,19244,5292,2760
27331,19256,5300,2775
27340,19268,5301,2771
27406,19318,5321,2767
27458,19338,5344,2776
27527,19381,5360,2786
27548,19383,5380,2785
27578,19405,5389,2784
27590,19406,5393,2791
27646,19445,5405,2796
27680,19452,5422,2806
27720,19478,5429,2813
27714,19463,5434,2817
27752,19489,5438,2825
27770,19506,5448,2816
27763,19514,5442,2807
27769,19517,5439,2813
27760,19521,5429,2810
27811,19559,5448,2804
27824,19572,5450,2802
27791,19552,5433,2806
27810,19551,5450,2809
27821,19542,5464,2815
27807,19507,5483,2817
27886,19541,5520,2825
27899,19540,5538,2821
27915,19527,5560,2828
27922,19514,5585,2823
27966,19531,5607,2828
27982,19514,5624,2844
28058,19562,5636,2860
28124,19611,5646,2867
28098,19595,5643,2860
28126,19612,5635,2879
28180,19656,5640,2884
28188,19648,5660,2880
28215,19678,5648,2889
28272,19717,5653,2902
28251,19714,5644,2893
28248,19705,5651,2892
28303,19724,5680,2899
28333,19740,5686,2907
28373,19753,5705,2915
28417,19793,5706,2918
28452,19815,5719,2918
28437,19804,5720,2913
28470,19809,5740,2921
28524,19836,5768,2920
28521,19823,5788,2910
28528,19830,5788,2910
28510,19808,5779,2923
28537,19833,5781,2923
28548,19827,5802,2919
28602,19875,5809,2918
28656,19906,5827,2923
28701,19937,5837,2927
28683,19921,5842,2920
28699,19920,5855,2924
28780,19951,5894,2935
28814,19942,5926,2946
28809,19929,5929,2951
28820,19949,5927,2944
28848,19949,5954,2945
28877,19970,5961,2946
28867,19958,5961,2948
28899,19981,5969,2949
28900,19964,5970,2966
28927,19976,5997,2954
28933,19960,6014,2959
28937,19970,6008,2959
28985,20004,6015,2966
28990,20008,6021,2961
29085,20069,6055,2961
29128,20091,6075,2962
29179,20123,6074,2982
29228,20134,6103,2991
29236,20142,6106,2988
29238,20152,6096,2990
29283,20191,6101,2991
29323,20221,6103,2999
29341,20222,6120,2999
29364,20233,6124,3007
29383,20228,6150,3005
29411,20249,6159,3003
29449,20267,6168,3014
29458,20268,6175,3015
29492,20308,6176,3008
29562,20355,6200,3007
29586,20380,6207,2999
29546,20363,6187,2996
29587,20386,6201,3000
29603,20372,6219,3012
29617,20381,6223,3013
29653,20405,6240,3008
29643,20398,6237,3008
29674,20409,6257,3008
29650,20373,6267,3010
29695,20384,6292,3019
29727,20372,6329,3026
29719,20356,6335,3028
29737,20350,6361,3026
29752,20369,6358,3025
29772,20388,6355,3029
29763,20371,6362,3030
29805,20388,6383,3034
29802,20372,6394,3036
29837,20400,6403,3034
29863,20410,6405,3048
29912,20436,6423,3053
29955,20481,6431,3043
29989,20498,6442,3049
30002,20488,6467,3047
30035,20504,6485,3046
30059,20503,6496,3060
30098,20516,6515,3067
30156,20545,6531,3080
30162,20536,6547,3079
30136,20527,6534,3075
30163,20537,6554,3072
30221,20553,6589,3079
30286,20607,6587,3092
30293,20600,6592,3101
30324,20605,6611,3108
30364,20650,6611,3103
30366,20650,6617,3099
30389,20664,6629,3096
30466,20701,6649,3116
30494,20730,6643,3121
30548,20744,6666,3138
30555,20746,6671,3138
30593,20757,6699,3137
30629,20788,6704,3137
30606,20759,6701,3146
30616,20752,6712,3152
30663,20789,6712,3162
30684,20789,6726,3169
30705,20784,6737,3184
30754,20806,6758,3190
30759,20794,6774,3191
30786,20797,6787,3202
30776,20789,6791,3196
30816,20822,6791,3203
30851,20872,6785,3194
30868,20884,6788,3196
30936,20933,6809,3194
30953,20952,6801,3200
31014,21001,6811,3202
31031,20999,6837,3195
31080,21024,6861,3195
31089,21025,6876,3188
31100,21036,6879,3185
31062,21003,6878,3181
31106,21037,6879,3190
31110,21036,6887,3187
31162,21063,6909,3190
31197,21076,6930,3191
31191,21073,6931,3187
31244,21110,6945,3189
31268,21102,6962,3204
31279,21106,6961,3212
31323,21122,6984,3217
31328,21124,6985,3219
31341,21117,7004,3220
31381,21159,7001,3221
31391,21150,7015,3226
31432,21154,7043,3235
31450,21156,7057,3237
31479,21173,7078,3228
31512,21176,7106,3230
31514,21164,7115,3235
31513,21173,7106,3234
31556,21225,7099,3232
31599,21243,7115,3241
31639,21275,7117,3247
31648,21285,7118,3245
31670,21280,7136,3254
31708,21304,7149,3255
31697,21300,7140,3257
31725,21314,7150,3261
31759,21333,7164,3262
31764,21313,7180,3271
31826,21335,7204,3287
31878,21358,7229,3291
31894,21376,7239,3279
31955,21409,7257,3289
31978,21399,7285,3294
32012,21397,7311,3304
32050,21421,7326,3303
32040,21407,7330,3303
32061,21421,7329,3311
32029,21400,7336,3293
32065,21423,7337,3305
32081,21436,7341,3304
32075,21415,7363,3297
32132,21440,7389,3303
32210,21477,7427,3306
32282,21509,7447,3326
32271,21501,7434,3336
32282,21506,7442,3334
32332,21526,7469,3337
32390,21542,7496,3352
32411,21541,7508,3362
32443,21562,7521,3360
32445,21569,7523,3353
32466,21566,7539,3361
32452,21530,7549,3373
32451,21519,7563,3369
32485,21541,7560,3384
32558,21586,7582,3390
32610,21624,7593,3393
32623,21626,7609,3388
32658,21647,7623,3388
32643,21637,7607,3399
32670,21662,7615,3393
32683,21667,7614,3402
32756,21715,7628,3413
32796,21721,7656,3419
32885,21772,7690,3423
32927,21794,7711,3422
32938,21781,7722,3435
32955,21785,7732,3438
32975,21804,7734,3437
33031,21838,7755,3438
33058,21861,7763,3434
33089,21878,7782,3429
33140,21891,7812,3437
33141,21892,7812,3437
33124,21866,7821,3437
33117,21863,7813,3441
33155,21863,7847,3445
33178,21865,7874,3439
33228,21896,7891,3441
33255,21917,7899,3439
33279,21936,7897,3446
33281,21903,7929,3449
33305,21917,7946,3442
33309,21895,7954,3460
33335,21894,7972,3469
33371,21928,7972,3471
33417,21960,7982,3475
33444,21962,8014,3468
33423,21926,8024,3473
33471,21966,8035,3470
33533,21992,8066,3475
33562,22007,8069,3486
33579,22003,8083,3493
33626,22043,8084,3499
33665,22089,8071,3505
33691,22100,8085,3506
33770,22131,8116,3523
33817,22144,8146,3527
33808,22126,8156,3526
33850,22141,8188,3521
33893,22169,8201,3523
33901,22156,8219,3526
33921,22175,8207,3539
33941,22175,8224,3542
33957,22166,8251,3540
33976,22161,8277,3538
34017,22192,8278,3547
34011,22177,8292,3542
34059,22231,8286,3542
34067,22232,8300,3535
34072,22214,8304,3554
34060,22208,8298,3554
34034,22172,8298,3564
34043,22190,8292,3561
34059,22184,8325,3550
34122,22191,8364,3567
34163,22195,8394,3574
34239,22234,8417,3588
34261,22224,8445,3592
34293,22250,8448,3595
34321,22277,8448,3596
34320,22271,8444,3605
34320,22257,8466,3597
34361,22290,8478,3593
34360,22271,8497,3592
34403,22290,8521,3592
34415,22292,8516,3607
34412,22294,8501,3617
34472,22331,8526,3615
34527,22353,8556,3618
34538,22373,8556,3609
34636,22430,8574,3632
34696,22465,8596,3635
34697,22460,8604,3633
34726,22454,8635,3637
34749,22469,8641,3639
34767,22484,8648,3635
34813,22502,8663,3648
34802,22482,8664,3656
34841,22517,8684,3640
34917,22538,8733,3646
34891,22522,8732,3637
34899,22525,8734,3640
34922,22549,8742,3631
35006,22584,8784,3638
35020,22601,8784,3635
35064,22626,8794,3644
35096,22656,8790,3650
35148,22665,8816,3667
35161,22678,8814,3669
35195,22670,8846,3679
35172,22680,8826,3666
35213,22697,8849,3667
35290,22743,8878,3669
35326,22781,8879,3666
35324,22789,8860,3675
35342,22771,8908,3663
35314,22748,8898,3668
35333,22771,8888,3674
35387,22773,8918,3696
35413,22780,8922,3711
35435,22794,8925,3716
35437,22785,8930,3722
35475,22798,8952,3725
35526,22826,8964,3736
35576,22861,8977,3738
35585,22886,8967,3732
35630,22916,8980,3734
35663,22925,9003,3735
35677,22931,9010,3736
35722,22950,9039,3733
35727,22942,9051,3734
35742,22944,9053,3745
35778,22951,9070,3757
35796,22981,9059,3756
35818,22994,9071,3753
35840,22983,9093,3764
35873,22998,9104,3771
35854,22988,9094,3772
35871,22998,9085,3788
35883,22994,9084,3805
35927,23028,9097,3802
35941,23024,9110,3807
35939,22999,9133,3807
35995,23050,9137,3808
36018,23052,9141,3825
36066,23092,9145,3829
36087,23108,9152,3827
36151,23121,9200,3830
36203,23123,9238,3842
36215,23133,9231,3851
36246,23145,9241,3860
36244,23143,9246,3855
36312,23160,9291,3861
36325,23179,9290,3856
36354,23189,9314,3851
36380,23192,9319,3869
36421,23215,9334,3872
36455,23232,9340,3883
36481,23260,9336,3885
36470,23251,9325,3894
36506,23262,9328,3916
36491,23241,9337,3913
36499,23253,9331,3915
36578,23301,9358,3919
36591,23310,9363,3918
36640,23346,9383,3911
36689,23363,9414,3912
36703,23350,9436,3917
36718,23362,9423,3933
36750,23353,9458,3939
36777,23370,9470,3937
36796,23342,9512,3942
36812,23339,9541,3932
36817,23341,9547,3929
36865,23348,9563,3954
36914,23363,9591,3960
36959,23374,9616,3969
36991,23404,9613,3974
37033,23408,9641,3984
37017,23385,9656,3976
37064,23413,9683,3968
37036,23403,9663,3970
37031,23412,9657,3962
37010,23394,9662,3954
37049,23378,9696,3975
37090,23398,9726,3966
37138,23437,9731,3970
37193,23473,9738,3982
37236,23505,9734,3997
37294,23552,9738,4004
37316,23557,9765,3994
37391,23577,9814,4000
37390,23576,9814,4000
37395,23594,9816,3985
37465,23644,9837,3984
37506,23653,9868,3985
37520,23658,9882,3980
37521,23657,9889,3975
37589,23714,9896,3979
37615,23746,9894,3975
37618,23730,9906,3982
37654,23752,9899,4003
37688,23767,9919,4002
37668,23762,9912,3994
37712,23781,9938,3993
37751,23773,9987,3991
37762,23767,10016,3979
37783,23783,10013,3987
37861,23831,10050,3980
37850,23823,10037,3990
37896,23832,10061,4003
37901,23831,10068,4002
37888,23809,10074,4005
37923,23805,10102,4016
37962,23818,10113,4031
37994,23814,10135,4045
38051,23824,10165,4062
38075,23850,10160,4065
38072,23855,10160,4057
38170,23916,10187,4067
38176,23897,10216,4063
38195,23896,10236,4063
38223,23902,10241,4080
38274,23910,10284,4080
38316,23926,10299,4091
38311,23934,10280,4097
38323,23942,10289,4092
38394,23969,10328,4097
38474,24018,10353,4103
38529,24037,10392,4100
38569,24056,10406,4107
38603,24074,10428,4101
38649,24092,10471,4086
38658,24096,10476,4086
38671,24090,10487,4094
38682,24081,10493,4108
38711,24093,10515,4103
38762,24107,10540,4115
38791,24116,10563,4112
38806,24113,10585,4108
38889,24139,10636,4114
38938,24145,10667,4126
38925,24137,10662,4126
38943,24147,10664,4132
38977,24159,10677,4141
39048,24207,10692,4149
39071,24215,10703,4153
39077,24190,10733,4154
39094,24205,10729,4160
39130,24234,10722,4174
39167,24240,10748,4179
39234,24279,10775,4180
39296,24330,10778,4188
39336,24350,10808,4178
39320,24328,10816,4176
39342,24334,10829,4179
39339,24325,10843,4171
39379,24364,10855,4160
39414,24365,10877,4172
39459,24386,10898,4175
39492,24404,10904,4184
39516,24420,10920,4176
39554,24419,10952,4183
39582,24419,10983,4180
39607,24434,11010,4163
39578,24414,10998,4166
39636,24438,11012,4186
39653,24446,11017,4190
39706,24466,11042,4198
39748,24476,11075,4197
39799,24474,11108,4217
39872,24508,11137,4227
39919,24542,11152,4225
39950,24559,11160,4231
39985,24581,11160,4244
39988,24574,11151,4263
39979,24563,11152,4264
40037,24567,11190,4280
40057,24559,11222,4276
40063,24580,11204,4279
40023,24541,11201,4281
40062,24564,11215,4283
40096,24578,11227,4291
40096,24574,11231,4291
40060,24549,11219,4292
40089,24570,11234,4285
40118,24571,11262,4285
40133,24556,11283,4294
40140,24560,11283,4297
40157,24538,11314,4305
40170,24557,11302,4311
40221,24573,11338,4310
40267,24588,11363,4316
40324,24618,11382,4324
40371,24641,11393,4337
40388,24664,11380,4344
40427,24678,11403,4346
40453,24699,11399,4355
40497,24715,11415,4367
40553,24739,11437,4377
40579,24747,11460,4372
40555,24739,11449,4367
40586,24771,11435,4380
40574,24753,11429,4392
40551,24726,11429,4396
40625,24747,11467,4411
40658,24775,11478,4405
40724,24819,11502,4403
40749,24827,11509,4413
40810,24856,11529,4425
40795,24839,11534,4422
40826,24850,11553,4423
40813,24846,11553,4414
40878,24894,11580,4404
40873,24896,11567,4410
40949,24940,11601,4408
40978,24946,11620,4412
41029,24970,11640,4419
41068,24990,11645,4433
41074,24998,11639,4437
41099,24998,11664,4437
41149,25057,11659,4433
41196,25077,11681,4438
41253,25074,11731,4448
41288,25109,11731,4448
41280,25112,11721,4447
41308,25117,11735,4456
41313,25116,11746,4451
41333,25122,11761,4450
41323,25125,11739,4459
41356,25157,11736,4463
41398,25152,11781,4465
41479,25185,11825,4469
41513,25172,11868,4473
41548,25179,11905,4464
41567,25196,11900,4471
41610,25198,11932,4480
41649,25223,11933,4493
41656,25221,11945,4490
41675,25254,11941,4480
41699,25257,11958,4484
41727,25271,11951,4505
41770,25304,11952,4514
41795,25298,11968,4529
41815,25333,11957,4525
41916,25391,11988,4537
41944,25385,12021,4538
42019,25418,12040,4561
42032,25397,12060,4575
42051,25412,12065,4574
42030,25371,12088,4571
42051,25366,12103,4582
42083,25385,12117,4581
42154,25414,12159,4581
42215,25451,12175,4589
42275,25513,12169,4593
42315,25522,12189,4604
42330,25504,12235,4591
42327,25507,12241,4579
42355,25514,12262,4579
42323,25486,12269,4568
42371,25499,12302,4570
42333,25470,12305,4558
42366,25461,12345,4560
42433,25494,12362,4577
42440,25495,12372,4573
42466,25473,12409,4584
42520,25504,12428,4588
42554,25552,12418,4584
42619,25585,12433,4601
42633,25553,12474,4606
42645,25556,12478,4611
42658,25568,12478,4612
42673,25579,12482,4612
42676,25587,12485,4604
42713,25603,12501,4609
42772,25631,12535,4606
42828,25647,12569,4612
42785,25652,12527,4606
42788,25631,12546,4611
42864,25660,12581,4623
42897,25659,12608,4630
42982,25708,12644,4630
42984,25743,12612,4629
43032,25767,12627,4638
43054,25770,12649,4635
43105,25815,12675,4615
43166,25840,12700,4626
43191,25842,12707,4642
43263,25871,12749,4643
43271,25888,12747,4636
43334,25931,12764,4639
43343,25938,12762,4643
43357,25932,12776,4649
43310,25890,12791,4629
43372,25909,12818,4645
43371,25913,12810,4648
43341,25899,12779,4663
43402,25945,12783,4674
43468,25967,12816,4685
43533,25989,12839,4705
43569,26002,12870,4697
43553,25984,12873,4696
43544,25965,12879,4700
43575,25985,12894,4696
43569,25977,12892,4700
43587,25993,12899,4695
43643,26039,12901,4703
43716,26069,12936,4711
43733,26073,12950,4710
43745,26056,12967,4722
43784,26061,13004,4719
43841,26092,13013,4736
43833,26088,13005,4740
43877,26095,13031,4751
43954,26133,13072,4749
43986,26140,13091,4755
44091,26214,13117,4760
44129,26213,13156,4760
44172,26239,13173,4760
44211,26237,13199,4775
44247,26232,13213,4802
44268,26250,13233,4785
44288,26254,13260,4774
44328,26260,13291,4777
44365,26264,13320,4781
44354,26290,13289,4775
44337,26270,13291,4776
44353,26295,13294,4764
44381,26305,13303,4773
44446,26324,13350,4772
44468,26320,13378,4770
44503,26302,13421,4780
44553,26322,13434,4797
44566,26356,13420,4790
44612,26372,13439,4801
44694,26410,13492,4792
44693,26400,13505,4788
44705,26391,13516,4798
44763,26412,13555,4796
44804,26431,13578,4795
44797,26438,13575,4784
44806,26423,13593,4790
44826,26424,13601,4801
44856,26439,13628,4789
44934,26461,13684,4789
44968,26462,13706,4800
45035,26502,13730,4803
45065,26485,13759,4821
45078,26481,13783,4814
45096,26461,13815,4820
45111,26491,13805,4815
45163,26515,13821,4827
45236,26550,13844,4842
45245,26565,13845,4835
45250,26562,13863,4825
45272,26571,13889,4812
45279,26557,13903,4819
45296,26585,13895,4816
45289,26587,13878,4824
45320,26595,13895,4830
45359,26615,13917,4827
45461,26638,13981,4842
45492,26651,14001,4840
45550,26676,14027,4847
45544,26650,14037,4857
45605,26702,14033,4870
45652,26714,14062,4876
45661,26696,14077,4888
45678,26703,14073,4902
45691,26697,14096,4898
45694,26697,14107,4890
45763,26738,14133,4892
45795,26739,14155,4901
45802,26750,14149,4903
45860,26776,14172,4912
45888,26773,14189,4926
45958,26815,14210,4933
46014,26864,14225,4925
46043,26860,14251,4932
46098,26884,14258,4956
46113,26893,14272,4948
46143,26939,14256,4948
46183,26952,14275,4956
46197,26958,14280,4959
46220,26965,14278,4977
46272,26993,14308,4971
46287,26985,14331,4971
46351,27019,14350,4982
46406,27011,14398,4997
46457,27051,14419,4987
46508,27077,14436,4995
46529,27089,14457,4983
46583,27098,14501,4984
46603,27113,14516,4974
46603,27104,14534,4965
46652,27122,14581,4949
46641,27082,14612,4947
46712,27153,14611,4948
46714,27140,14631,4943
46784,27167,14687,4930
46810,27138,14727,4945
46825,27127,14746,4952
46844,27146,14749,4949
46864,27182,14731,4951
46911,27194,14761,4956
46891,27191,14748,4952
46870,27164,14751,4955
46900,27175,14769,4956
46937,27196,14772,4969
46964,27177,14812,4975
47043,27225,14828,4990
47046,27205,14841,5000
47086,27249,14840,4997
47120,27284,14817,5019
47160,27269,14858,5033
47189,27276,14877,5036
47233,27312,14888,5033
47254,27313,14908,5033
47331,27359,14915,5057
47372,27387,14911,5074
47443,27417,14952,5074
47513,27439,15001,5073
47525,27433,15022,5070
47525,27409,15038,5078
47498,27365,15042,5091
47516,27377,15048,5091
47463,27324,15048,5091
47512,27370,15054,5088
47557,27418,15063,5076
47596,27450,15080,5066
47600,27447,15086,5067
47639,27443,15109,5087
47709,27457,15158,5094
47812,27489,15216,5107
47828,27495,15214,5119
47855,27486,15243,5126
47884,27510,15264,5110
47937,27534,15294,5109
47959,27541,15319,5099
48035,27605,15334,5096
48049,27631,15318,5100
48063,27637,15328,5098
48090,27641,15355,5094
48097,27639,15377,5081
48074,27622,15367,5085
48150,27653,15400,5097
48173,27652,15424,5097
48235,27690,15439,5106
48286,27688,15488,5110
48291,27692,15487,5112
48354,27688,15543,5123
48412,27696,15594,5122
48464,27705,15629,5130
48530,27751,15640,5139
48566,27764,15650,5152
48581,27785,15656,5140
48614,27805,15664,5145
48660,27826,15690,5144
48702,27834,15715,5153
48759,27867,15732,5160
48810,27906,15739,5165
48829,27895,15754,5180
48845,27913,15760,5172
48851,27914,15753,5184
48899,27913,15794,5192
48973,27954,15820,5199
48976,27961,15815,5200
49022,27987,15836,5199
49060,27961,15886,5213
49086,27980,15893,5213
49164,28008,15928,5228
49187,28016,15939,5232
49190,28015,15945,5230
49151,28006,15942,5203
49220,28039,15954,5227
49214,28026,15965,5223
49253,28059,15983,5211
49258,28070,15984,5204
49308,28109,16003,5196
49382,28166,16022,5194
49400,28153,16039,5208
49438,28161,16052,5225
49454,28155,16084,5215
49461,28145,16114,5202
49486,28136,16131,5219
49512,28140,16149,5223
49550,28143,16188,5219
49618,28167,16236,5215
49682,28189,16281,5212
49669,28192,16270,5207
49794,28290,16301,5203
49808,28282,16310,5216
49841,28310,16339,5192
49889,28330,16360,5199
49947,28339,16394,5214
49970,28326,16418,5226
49978,28353,16414,5211
49982,28340,16426,5216
49973,28325,16428,5220
50007,28350,16442,5215
50021,28360,16449,5212
50040,28337,16472,5231
50083,28331,16515,5237
50064,28318,16518,5228
50067,28302,16525,5240
50124,28333,16547,5244
50143,28328,16558,5257
50187,28345,16586,5256
50220,28349,16612,5259
50217,28336,16628,5253
50241,28356,16620,5265
50287,28347,16662,5278
50265,28295,16692,5278
50301,28291,16732,5278
50346,28288,16758,5300
50418,28331,16787,5300
50461,28351,16810,5300
50548,28390,16846,5312
50554,28426,16818,5310
50588,28430,16849,5309
50646,28466,16867,5313
50701,28499,16903,5299
50689,28453,16919,5317
50746,28440,16974,5332
50768,28420,17014,5334
50756,28406,17015,5335
50839,28449,17040,5350
50863,28434,17075,5354
50897,28447,17096,5354
51003,28503,17150,5350
51005,28514,17134,5357
51110,28561,17172,5377
51155,28611,17181,5363
51161,28624,17176,5361
51238,28655,17216,5367
51283,28707,17209,5367
51260,28678,17212,5370
51268,28688,17201,5379
51300,28707,17231,5362
51362,28720,17267,5375
51331,28647,17287,5397
51378,28672,17304,5402
51453,28705,17339,5409
51489,28750,17344,5395
51552,28765,17388,5399
51560,28797,17372,5391
51575,28785,17403,5387
51631,28780,17455,5396
51676,28794,17472,5410
51689,28780,17497,5412
51730,28773,17551,5406
51777,28779,17585,5413
51814,28793,17596,5425
51829,28783,17625,5421
51837,28771,17650,5416
51864,28782,17661,5421
51915,28803,17680,5432
51941,28834,17677,5430
51907,28830,17648,5429
51911,28813,17672,5426
51882,28809,17646,5427
51946,28841,17664,5441
52005,28860,17689,5456
52133,28938,17733,5462
52171,28943,17748,5480
52181,28958,17752,5471
52185,28946,17762,5477
52187,28944,17781,5462
52264,28985,17806,5473
52273,28974,17816,5483
52380,28996,17894,5490
52447,29016,17926,5505
52470,29006,17955,5509
52496,28998,17987,5511
52586,29014,18044,5528
52626,29011,18087,5528
52598,28996,18090,5512
52604,28992,18088,5524
52612,28981,18094,5537
52643,28989,18117,5537
52665,29024,18091,5550
52704,29026,18128,5550
52805,29080,18154,5571
52809,29078,18161,5570
52862,29083,18197,5582
52824,29059,18202,5563
52863,29056,18232,5575
52875,29066,18226,5583
52913,29058,18273,5582
52947,29076,18279,5592
53022,29113,18311,5598
53069,29129,18339,5601
53147,29184,18360,5603
53117,29155,18348,5614
53130,29161,18359,5610
53106,29111,18359,5636
53154,29129,18395,5630
53189,29128,18425,5636
53199,29146,18433,5620
53286,29177,18481,5628
53342,29188,18514,5640
53401,29219,18536,5646
53459,29247,18555,5657
53485,29241,18578,5666
53442,29209,18585,5648
53487,29211,18613,5663
53575,29273,18643,5659
53585,29285,18648,5652
53645,29335,18655,5655
53678,29323,18691,5664
53733,29340,18730,5663
53763,29363,18729,5671
53801,29335,18791,5675
53834,29347,18815,5672
53865,29338,18847,5680
53913,29353,18866,5694
53927,29377,18864,5686
54019,29401,18934,5684
54060,29422,18963,5675
54133,29467,18994,5672
54195,29505,19028,5662
54192,29482,19031,5679
54227,29492,19055,5680
54231,29500,19063,5668
54287,29537,19067,5683
54344,29568,19079,5697
54374,29584,19091,5699
54397,29613,19094,5690
54456,29656,19094,5706
54457,29617,19139,5701
54510,29613,19187,5710
54537,29645,19182,5710
54560,29668,19197,5695
54584,29680,19191,5713
54609,29682,19220,5707
54673,29707,19242,5724
54739,29749,19257,5733
54817,29772,19309,5736
54816,29757,19315,5744
54877,29787,19345,5745
54941,29836,19361,5744
55023,29875,19399,5749
55099,29904,19428,5767
55120,29886,19476,5758
55144,29886,19499,5759
55145,29887,19484,5774
55157,29884,19507,5766
55235,29956,19522,5757
55248,29963,19544,5741
55357,29985,19615,5757
55329,29983,19589,5757
55400,29993,19648,5759
55422,30006,19655,5761
55437,30016,19660,5761
55465,30041,19659,5765
55448,30015,19682,5751
55501,30015,19729,5757
55544,30018,19766,5760
55544,30010,19752,5782
55600,30023,19775,5802
55592,30007,19787,5798
55630,30003,19824,5803
55651,30008,19838,5805
55698,30027,19875,5796
55701,30031,19869,5801
55684,30017,19884,5783
55743,30063,19897,5783
55836,30095,19948,5793
55882,30131,19952,5799
55876,30119,19963,5794
55951,30173,19988,5790
55994,30188,19998,5808
56095,30258,20011,5826
56084,30250,19992,5842
56101,30226,20028,5847
56108,30201,20063,5844
56144,30219,20083,5842
56168,30245,20089,5834
56208,30254,20124,5830
56264,30272,20147,5845
56286,30278,20171,5837
56292,30280,20179,5833
56320,30287,20203,5830
56331,30310,20205,5816
56379,30365,20197,5817
56384,30349,20213,5822
56485,30363,20285,5837
56556,30411,20302,5843
56649,30461,20346,5842
56693,30494,20353,5846
56694,30487,20363,5844
56781,30530,20410,5841
56775,30519,20414,5842
56752,30510,20400,5842
56786,30552,20402,5832
56828,30546,20442,5840
56883,30531,20513,5839
56917,30536,20549,5832
56907,30481,20589,5837
56948,30501,20589,5858
56997,30517,20607,5873
57079,30518,20672,5889
57149,30564,20680,5905
57151,30526,20717,5908
57190,30565,20716,5909
57148,30549,20690,5909
57180,30561,20713,5906
57197,30555,20733,5909
57266,30586,20770,5910
57275,30584,20778,5913
57310,30593,20795,5922
57313,30598,20803,5912
57352,30600,20842,5910
57395,30639,20832,5924
57467,30662,20874,5931
57571,30688,20941,5942
57573,30696,20917,5960
57581,30693,20926,5962
57566,30704,20913,5949
57576,30697,20934,5945
57649,30706,20968,5975
57656,30709,20981,5966
57708,30697,21059,5952
57793,30757,21085,5951
57888,30791,21137,5960
57977,30822,21187,5968
57984,30825,21190,5969
57993,30802,21219,5972
58021,30808,21253,5960
58023,30788,21292,5943
58016,30771,21290,5955
57991,30760,21266,5965
58041,30777,21288,5976
58118,30812,21324,5982
58165,30842,21354,5969
58178,30850,21366,5962
58198,30856,21384,5958
58197,30833,21404,5960
58258,30855,21440,5963
58318,30894,21463,5961
58368,30935,21465,5968
58345,30891,21489,5965
58333,30883,21497,5953
58410,30918,21528,5964
58565,31004,21583,5978
58527,30958,21585,5984
58560,30979,21598,5983
58559,30971,21595,5993
58621,31028,21607,5986
58668,31033,21647,5988
58684,31038,21645,6001
58738,31044,21696,5998
58736,31059,21691,5986
58788,31071,21727,5990
58852,31079,21757,6016
58875,31087,21778,6010
58868,31112,21752,6004
58962,31146,21802,6014
59065,31173,21863,6029
59087,31164,21879,6044
59157,31196,21921,6040
59215,31237,21929,6049
59239,31218,21964,6057
59271,31229,21972,6070
59374,31283,22019,6072
59357,31284,22003,6070
59402,31314,22014,6074
59474,31348,22048,6078
59514,31365,22059,6090
59533,31394,22047,6092
59492,31375,22050,6067
59468,31331,22071,6066
59487,31334,22096,6057
59568,31359,22146,6063
59540,31334,22147,6059
59491,31285,22133,6073
59521,31285,22163,6073
59529,31296,22167,6066
59618,31316,22230,6072
59670,31349,22252,6069
59672,31347,22258,6067
59689,31334,22293,6062
59687,31315,22293,6079
59754,31364,22321,6069
59834,31404,22337,6093
59877,31416,22381,6080
59906,31436,22388,6082
59928,31453,22401,6074
59977,31471,22429,6077
60051,31492,22481,6078
60110,31506,22528,6076
60144,31536,22540,6068
60216,31542,22616,6058
60236,31525,22640,6071
60273,31524,22667,6082
60296,31528,22688,6080
60361,31543,22728,6090
60419,31531,22777,6111
60444,31532,22789,6123
60442,31546,22791,6105
60486,31538,22819,6129
60481,31531,22830,6120
60583,31578,22863,6142
60543,31550,22858,6135
60565,31551,22876,6138
60621,31572,22903,6146
60640,31594,22898,6148
60676,31609,22917,6150
60665,31590,22927,6148
60706,31604,22958,6144
60752,31602,22992,6158
60770,31615,22997,6158
60829,31656,23010,6163
60864,31689,23008,6167
60904,31736,22995,6173
60910,31711,23023,6176
60912,31676,23049,6187
60931,31688,23056,6187
60964,31696,23081,6187
60996,31725,23084,6187
61043,31758,23110,6175
61053,31737,23127,6189
61149,31764,23186,6199
61185,31742,23231,6212
61208,31756,23255,6197
61178,31726,23246,6206
61242,31749,23300,6193
61241,31741,23302,6198
61312,31745,23367,6200
61328,31760,23361,6207
61412,31789,23413,6210
61396,31770,23397,6229
61429,31785,23426,6218
61472,31850,23408,6214
61551,31860,23467,6224
61555,31841,23474,6240
61558,31827,23497,6234
61601,31802,23557,6242
61651,31834,23565,6252
61703,31867,23598,6238
61789,31874,23682,6233
61820,31911,23673,6236
61893,31923,23712,6258
61952,31978,23719,6255
61965,31990,23716,6259
62028,31999,23766,6263
62131,32044,23810,6277
62167,32062,23838,6267
62172,32034,23875,6263
62183,32035,23881,6267
62279,32067,23957,6255
62369,32091,24000,6278
62402,32125,23995,6282
62386,32145,23968,6273
62392,32165,23950,6277
62473,32196,23993,6284
62486,32208,24002,6276
62547,32218,24063,6266
62564,32196,24110,6258
62570,32186,24115,6269
62613,32194,24163,6256
62686,32227,24211,6248
62638,32223,24169,6246
62663,32233,24197,6233
62760,32262,24252,6246
62769,32253,24276,6240
62827,32275,24298,6254
62819,32267,24311,6241
62862,32260,24370,6232
62896,32292,24364,6240
62943,32289,24408,6246
63011,32302,24466,6243
63032,32326,24462,6244
63075,32335,24475,6265
63101,32349,24484,6268
63110,32365,24476,6269
63089,32362,24452,6275
63162,32395,24479,6288
63212,32420,24489,6303
63272,32441,24539,6292
63253,32444,24527,6282
63293,32454,24557,6282
63318,32465,24572,6281
63381,32463,24617,6301
63465,32484,24669,6312
63529,32504,24696,6329
63581,32507,24728,6346
63544,32474,24720,6350
63567,32476,24734,6357
63615,32517,24738,6360
63655,32561,24744,6350
63683,32559,24770,6354
63773,32565,24833,6375
63777,32561,24842,6374
63875,32617,24879,6379
63887,32626,24882,6379
63942,32627,24931,6384
63910,32576,24952,6382
63962,32600,24960,6402
64037,32616,25005,6416
64060,32629,25030,6401
64089,32630,25038,6421
64170,32658,25091,6421
64219,32654,25133,6432
64311,32714,25162,6435
64309,32693,25185,6431
64397,32734,25201,6462
64456,32728,25265,6463
64529,32755,25318,6456
64581,32790,25342,6449
64597,32822,25339,6436
64647,32840,25373,6434
64686,32826,25418,6442
64753,32858,25441,6454
64763,32840,25455,6468
64730,32832,25439,6459
64744,32820,25460,6464
64797,32858,25465,6474
64890,32870,25534,6486
64928,32896,25544,6488
64935,32912,25539,6484
64980,32937,25563,6480
65040,32981,25582,6477
65040,32972,25574,6494
65101,32990,25614,6497
65139,32966,25677,6496
65137,32967,25670,6500
65226,32992,25721,6513
65160,32959,25680,6521
65293,33006,25760,6527
65331,33010,25778,6543
65386,33019,25816,6551
65398,32999,25841,6558
65400,32940,25893,6567
65474,32974,25924,6576
65522,32995,25951,6576
65511,32998,25943,6570
65511,33006,25940,6565
65509,32990,25933,6586
65579,33062,25942,6575
65642,33113,25963,6566
65702,33143,25994,6565
65752,33170,26020,6562
65850,33222,26048,6580
65897,33255,26076,6566
65858,33198,26092,6568
65894,33222,26120,6552
65956,33261,26151,6544
66019,33301,26173,6545
66020,33295,26183,6542
66033,33290,26210,6533
66102,33314,26241,6547
66124,33325,26255,6544
66214,33329,26329,6556
66271,33345,26369,6557
66295,33349,26385,6561
66336,33351,26407,6578
66335,33324,26440,6571
66432,33367,26495,6570
66454,33376,26507,6571
66567,33441,26544,6582
66580,33442,26550,6588
66615,33449,26580,6586
66620,33448,26594,6578
66658,33475,26599,6584
66752,33480,26679,6593
66816,33492,26713,6611
66842,33481,26754,6607
66838,33487,26732,6619
66830,33497,26722,6611
66858,33499,26759,6600
66901,33504,26805,6592
66981,33544,26843,6594
67041,33584,26878,6579
67096,33614,26898,6584
67183,33657,26934,6592
67145,33624,26937,6584
67203,33634,26982,6587
67265,33637,27025,6603
67229,33609,27019,6601
67261,33611,27058,6592
67313,33606,27106,6601
67360,33587,27157,6616
67411,33600,27185,6626
67464,33615,27238,6611
67498,33617,27260,6621
67527,33616,27290,6621
67569,33629,27332,6608
67644,33646,27378,6620
67674,33656,27407,6611
67762,33691,27458,6613
67784,33710,27473,6601
67861,33743,27518,6600
67864,33715,27550,6599
67905,33742,27567,6596
67963,33781,27571,6611
68025,33827,27587,6611
68112,33850,27639,6623
68140,33857,27665,6618
68175,33883,27663,6629
68180,33859,27686,6635
68205,33891,27675,6639
68214,33896,27682,6636
68269,33897,27729,6643
68367,33901,27824,6642
68387,33909,27835,6643
68453,33924,27872,6657
68542,33956,27933,6653
68629,33985,27980,6664
68665,34003,28000,6662
68671,34002,28004,6665
68673,34001,28016,6656
68719,34028,28032,6659
68718,34028,28044,6646
68704,34011,28052,6641
68743,34007,28091,6645
68754,34026,28081,6647
68815,34082,28091,6642
68851,34113,28095,6643
68845,34106,28100,6639
68847,34102,28098,6647
68920,34099,28164,6657
69044,34172,28198,6674
68970,34127,28171,6672
68978,34130,28164,6684
68975,34086,28207,6682
69051,34105,28268,6678
69106,34126,28289,6691
69130,34138,28310,6682
69136,34136,28321,6679
69247,34166,28406,6675
69324,34218,28430,6676
69308,34209,28418,6681
69345,34199,28465,6681
69416,34209,28523,6684
69385,34172,28522,6691
69422,34175,28562,6685
69427,34143,28589,6695
69513,34165,28639,6709
69597,34212,28668,6717
69679,34243,28716,6720
69732,34257,28758,6717
69801,34292,28780,6729
69886,34328,28829,6729
70033,34378,28886,6769
70076,34404,28907,6765
70106,34461,28903,6742
70087,34452,28899,6736
70148,34486,28919,6743
70164,34509,28918,6737
70199,34510,28948,6741
70220,34510,28954,6756
70267,34507,29003,6757
70341,34526,29055,6760
70367,34551,29060,6756
70418,34568,29093,6757
70428,34542,29123,6763
70487,34545,29191,6751
70561,34564,29228,6769
70636,34578,29286,6772
70663,34610,29295,6758
70706,34620,29322,6764
70722,34663,29301,6758
70772,34690,29331,6751
70852,34712,29398,6742
70872,34703,29438,6731
70884,34693,29450,6741
70897,34697,29472,6728
70902,34694,29465,6743
70896,34702,29464,6730
70930,34705,29503,6722
70942,34717,29504,6721
71061,34762,29560,6739
71203,34793,29647,6763
71285,34845,29660,6780
71330,34838,29683,6809
71372,34816,29744,6812
71383,34808,29746,6829
71378,34795,29763,6820
71445,34831,29800,6814
71429,34801,29833,6795
71449,34824,29833,6792
71520,34837,29896,6787
71590,34895,29913,6782
71560,34849,29932,6779
71588,34874,29936,6778
71624,34909,29944,6771
71605,34903,29936,6766
71688,34935,29973,6780
71764,34966,29998,6800
71798,34941,30057,6800
71891,34980,30114,6797
71903,34955,30146,6802
71925,34933,30192,6800
71940,34934,30192,6814
71959,34966,30190,6803
71993,34987,30207,6799
72068,34997,30267,6804
72131,35009,30329,6793
72118,34999,30330,6789
72164,35002,30360,6802
72191,35038,30349,6804
72213,35071,30329,6813
72287,35126,30357,6804
72365,35162,30399,6804
72415,35178,30433,6804
72478,35212,30459,6807
72466,35199,30470,6797
72544,35265,30488,6791
72556,35227,30548,6781
72622,35247,30608,6767
72639,35239,30633,6767
72648,35235,30646,6767
72747,35263,30699,6785
72778,35214,30750,6814
72865,35213,30834,6818
72881,35203,30870,6808
72930,35214,30901,6815
72992,35249,30928,6815
73020,35291,30909,6820
73032,35300,30914,6818
73040,35286,30928,6826
73024,35263,30941,6820
73076,35268,30997,6811
73149,35290,31033,6826
73187,35301,31056,6830
73234,35321,31075,6838
73272,35323,31106,6843
73386,35365,31163,6858
73438,35389,31177,6872
73495,35430,31198,6867
73513,35447,31199,6867
73517,35437,31208,6872
73570,35427,31274,6869
73554,35437,31242,6875
73602,35458,31263,6881
73641,35432,31317,6892
73680,35427,31345,6908
73734,35452,31361,6921
73813,35499,31382,6932
73870,35504,31445,6921
73920,35542,31430,6948
73987,35565,31487,6935
74062,35612,31498,6952
74108,35583,31561,6964
74150,35596,31590,6964
74171,35616,31593,6962
74191,35619,31607,6965
74199,35595,31634,6970
74310,35644,31695,6971
74258,35647,31641,6970
74364,35686,31717,6961
74372,35687,31722,6963
74451,35721,31767,6963
74537,35795,31758,6984
74569,35771,31794,7004
74608,35752,31843,7013
74629,35744,31866,7019
74667,35739,31901,7027
74638,35730,31899,7009
74684,35719,31960,7005
74718,35725,31986,7007
74751,35728,32026,6997
74845,35749,32094,7002
74884,35770,32105,7009
74912,35783,32109,7020
75002,35805,32170,7027
75061,35771,32221,7069
75116,35757,32266,7093
75179,35757,32331,7091
75227,35751,32368,7108
75238,35789,32348,7101
75310,35837,32382,7091
75301,35851,32368,7082
75324,35851,32397,7076
75348,35872,32416,7060
75431,35917,32459,7055
75426,35895,32487,7044
75541,35936,32548,7057
75512,35900,32543,7069
75590,35935,32577,7078
75619,35971,32565,7083
75651,35966,32614,7071
75684,35978,32640,7066
75742,36029,32648,7065
75797,36038,32695,7064
75841,36040,32733,7068
75882,36048,32768,7066
75936,36044,32817,7075
75918,36023,32823,7072
75877,35972,32824,7081
75870,35981,32816,7073
75910,35997,32818,7095
75958,36002,32850,7106
75896,35963,32816,7117
75951,35968,32862,7121
76030,36001,32889,7140
76064,36013,32909,7142
76069,35990,32937,7142
76112,36013,32966,7133
76139,36011,32981,7147
76182,36005,33026,7151
76273,36046,33073,7154
76360,36110,33091,7159
76453,36173,33128,7152
76580,36212,33220,7148
76594,36233,33219,7142
76685,36271,33247,7167
76699,36256,33277,7166
76685,36232,33278,7175
76735,36255,33296,7184
76784,36278,33327,7179
76857,36298,33395,7164
76932,36277,33482,7173
76962,36242,33544,7176
76971,36253,33543,7175
77079,36305,33583,7191
77098,36295,33612,7191
77051,36271,33601,7179
77039,36255,33604,7180
77073,36253,33636,7184
77121,36244,33697,7180
77221,36282,33756,7183
77198,36267,33751,7180
77271,36304,33786,7181
77347,36335,33834,7178
77430,36389,33851,7190
77482,36425,33848,7209
77495,36430,33863,7202
77476,36429,33840,7207
77485,36441,33832,7212
77519,36444,33859,7216
77566,36476,33871,7219
77575,36452,33883,7240
77613,36443,33923,7247
77674,36491,33925,7258
77732,36477,33995,7260
77747,36474,34020,7253
77779,36502,34015,7262
77836,36500,34089,7247
77820,36478,34082,7260
77903,36520,34116,7267
77989,36522,34198,7269
78074,36600,34199,7275
78154,36596,34286,7272
78194,36644,34261,7289
78255,36664,34305,7286
78267,36653,34340,7274
78285,36687,34330,7268
78244,36677,34302,7265
78339,36701,34374,7264
78318,36633,34419,7266
78389,36658,34451,7280
78425,36704,34452,7269
78438,36716,34459,7263
78529,36744,34514,7271
78619,36772,34570,7277
78632,36760,34617,7255
78727,36790,34684,7253
78781,36805,34719,7257
78902,36868,34780,7254
78941,36872,34804,7265
78981,36901,34804,7276
78985,36890,34822,7273
78981,36900,34819,7262
78995,36933,34800,7262
79078,36956,34870,7252
79048,36934,34870,7244
79126,36926,34944,7256
79148,36948,34926,7274
79209,36963,34966,7280
79256,36971,35003,7282
79329,36983,35045,7301
79386,36979,35081,7326
79422,36964,35137,7321
79507,36996,35190,7321
79500,36995,35180,7325
79470,36948,35186,7336
79465,36881,35254,7330
79492,36889,35290,7313
79527,36942,35279,7306
79586,36994,35310,7282
79601,36971,35345,7285
79684,37041,35350,7293
79703,37041,35367,7295
79729,37052,35382,7295
79823,37075,35439,7309
79859,37070,35479,7310
79913,37099,35504,7310
79900,37075,35508,7317
79904,37103,35497,7304
79930,37121,35511,7298
80021,37138,35583,7300
80148,37175,35666,7307
80154,37203,35669,7282
80210,37244,35683,7283
80234,37237,35702,7295
80294,37279,35720,7295
80407,37327,35762,7318
80447,37322,35810,7315
80569,37347,35903,7319
80646,37363,35943,7340
80657,37345,35978,7334
80668,37338,35990,7340
80676,37326,36015,7335
80726,37359,36040,7327
80841,37403,36104,7334
80895,37439,36105,7351
80916,37408,36145,7363
80918,37413,36146,7359
80918,37408,36148,7362
80960,37442,36148,7370
81042,37446,36203,7393
81080,37433,36254,7393
81125,37466,36265,7394
81176,37486,36311,7379
81166,37496,36289,7381
81190,37489,36310,7391
81262,37537,36336,7389
81325,37573,36357,7395
81424,37625,36401,7398
81418,37607,36410,7401
81429,37616,36424,7389
81473,37623,36477,7373
81502,37609,36500,7393
81524,37594,36551,7379
81652,37607,36657,7388
81675,37630,36647,7398
81672,37627,36636,7409
81720,37660,36663,7397
81758,37684,36668,7406
81822,37735,36674,7413
81890,37737,36738,7415
81945,37757,36775,7413
82030,37797,36810,7423
82084,37851,36820,7413
82092,37855,36841,7396
82162,37899,36869,7394
82226,37906,36915,7405
82270,37909,36955,7406
82337,37916,37009,7412
82364,37946,37006,7412
82353,37926,37010,7417
82393,37929,37053,7411
82478,37978,37093,7407
82517,37990,37128,7399
82553,38009,37149,7395
82596,38004,37192,7400
82588,37999,37199,7390
82576,38014,37159,7403
82635,38008,37216,7411
82643,38016,37214,7413
82664,38020,37240,7404
82778,38072,37297,7409
82840,38093,37327,7420
82916,38142,37337,7437
82918,38142,37335,7441
82941,38168,37348,7425
83003,38157,37390,7456
82971,38095,37403,7473
83046,38105,37464,7477
83069,38092,37496,7481
83085,38073,37528,7484
83168,38090,37579,7499
83209,38129,37592,7488
83241,38148,37598,7495
83330,38180,37653,7497
83350,38149,37702,7499
83392,38166,37732,7494
83446,38168,37783,7495
83470,38175,37797,7498
83551,38184,37877,7490
83614,38222,37888,7504
83675,38261,37894,7520
83787,38345,37903,7539
83857,38347,37968,7542
83904,38330,38028,7546
83946,38366,38039,7541
83973,38372,38057,7544
83982,38392,38034,7556
84043,38402,38101,7540
84069,38430,38115,7524
84120,38396,38182,7542
84159,38418,38200,7541
84214,38420,38246,7548
84279,38439,38289,7551
84295,38392,38341,7562
84332,38398,38383,7551
84311,38437,38335,7539
84323,38408,38352,7563
84366,38418,38396,7552
84454,38432,38458,7564
84452,38448,38429,7575
84530,38465,38473,7592
84607,38479,38527,7601
84585,38466,38526,7593
84594,38419,38560,7615
84655,38481,38564,7610
84728,38493,38633,7602
84808,38511,38689,7608
84876,38529,38722,7625
84913,38529,38765,7619
84943,38544,38768,7631
85000,38587,38786,7627
85039,38607,38797,7635
84951,38585,38752,7614
85002,38618,38780,7604
85010,38637,38773,7600
85080,38653,38815,7612
85150,38659,38877,7614
85163,38668,38886,7609
85234,38663,38928,7643
85240,38682,38933,7625
85347,38716,39017,7614
85415,38782,39026,7607
85529,38849,39077,7603
85588,38881,39116,7591
85626,38838,39186,7602
85669,38853,39199,7617
85690,38892,39183,7615
85760,38909,39246,7605
85814,38966,39251,7597
85820,38981,39236,7603
85904,38993,39311,7600
85998,39008,39385,7605
86006,38998,39391,7617
86051,39029,39414,7608
86040,39025,39405,7610
86158,39060,39487,7611
86189,39038,39521,7630
86223,39029,39588,7606
86298,39052,39624,7622
86349,39059,39648,7642
86345,39050,39644,7651
86414,39037,39715,7662
86483,39050,39768,7665
86552,39048,39854,7650
86667,39051,39946,7670
86672,39039,39977,7656
86671,39000,40007,7664
86676,39025,39990,7661
86618,38995,39969,7654
86641,38974,40015,7652
86715,38963,40086,7666
86722,39012,40061,7649
86794,39019,40115,7660
86829,39016,40144,7669
86842,38982,40186,7674
86936,39000,40250,7686
86998,39026,40288,7684
87088,39094,40322,7672
87144,39105,40377,7662
87129,39091,40385,7653
87086,39058,40378,7650
87095,39050,40401,7644
87115,39059,40414,7642
87190,39056,40467,7667
87303,39138,40479,7686
87397,39182,40544,7671
87473,39180,40620,7673
87516,39143,40679,7694
87539,39164,40684,7691
87585,39180,40731,7674
87660,39182,40797,7681
87597,39147,40741,7709
87644,39132,40797,7715
87730,39184,40845,7701
87776,39222,40854,7700
87813,39211,40894,7708
87870,39226,40946,7698
87883,39236,40948,7699
87998,39293,41008,7697
88064,39287,41061,7716
88067,39307,41060,7700
88119,39339,41073,7707
88178,39355,41121,7702
88271,39419,41140,7712
88299,39404,41186,7709
88306,39365,41246,7695
88367,39375,41282,7710
88369,39364,41288,7717
88434,39345,41376,7713
88466,39365,41369,7732
88503,39378,41409,7716
88580,39373,41465,7742
88597,39373,41477,7747
88654,39436,41465,7753
88723,39449,41517,7757
88731,39401,41558,7772
88665,39354,41547,7764
88664,39337,41561,7766
88806,39400,41630,7776
88902,39412,41709,7781
89012,39448,41785,7779
89038,39494,41778,7766
89132,39506,41859,7767
89096,39479,41836,7781
89094,39483,41846,7765
89181,39471,41927,7783
89274,39524,41956,7794
89373,39613,41984,7776
89394,39651,41976,7767
89378,39615,42012,7751
89379,39630,41994,7755
89388,39602,42027,7759
89444,39607,42083,7754
89543,39618,42164,7761
89580,39633,42210,7737
89633,39665,42243,7725
89628,39626,42280,7722
89704,39665,42315,7724
89716,39650,42340,7726
89737,39660,42358,7719
89740,39640,42371,7729
89802,39639,42408,7755
89886,39644,42474,7768
89948,39660,42506,7782
89978,39676,42530,7772
90007,39645,42587,7775
89996,39630,42592,7774
90071,39643,42652,7776
90150,39673,42683,7794
90254,39731,42735,7788
90332,39734,42821,7777
90397,39758,42840,7799
90392,39738,42860,7794
90366,39743,42839,7784
90374,39711,42860,7803
90358,39694,42868,7796
90435,39732,42911,7792
90588,39807,42997,7784
90576,39801,42999,7776
90616,39808,43034,7774
90698,39839,43091,7768
90703,39825,43105,7773
90831,39868,43174,7789
90813,39845,43181,7787
90842,39876,43171,7795
90852,39902,43144,7806
90924,39912,43192,7820
91032,39960,43228,7844
91085,39986,43256,7843
91103,40005,43282,7816
91199,40018,43353,7828
91322,40059,43429,7834
91343,40037,43473,7833
91398,40079,43482,7837
91512,40107,43574,7831
91555,40142,43589,7824
91586,40167,43584,7835
91599,40162,43604,7833
91673,40194,43645,7834
91690,40209,43656,7825
91775,40256,43691,7828
91824,40235,43742,7847
91883,40254,43767,7862
91924,40249,43815,7860
91939,40233,43857,7849
91955,40221,43894,7840
91978,40212,43914,7852
92028,40214,43974,7840
92087,40249,43999,7839
92085,40248,44003,7834
92158,40258,44072,7828
92227,40311,44101,7815
92311,40338,44141,7832
92322,40340,44143,7839
92389,40369,44173,7847
92421,40378,44195,7848
92406,40346,44193,7867
92394,40317,44196,7881
92466,40303,44270,7893
92627,40400,44315,7912
92656,40373,44364,7919
92733,40408,44401,7924
92766,40383,44451,7932
92775,40357,44501,7917
92849,40357,44570,7922
92894,40322,44654,7918
92959,40346,44672,7941
92979,40378,44692,7909
93046,40363,44758,7925
93027,40302,44788,7937
93128,40347,44819,7962
93236,40442,44869,7925
93327,40442,44952,7933
93312,40427,44965,7920
93415,40468,45003,7944
93423,40448,45043,7932
93445,40432,45076,7937
93466,40471,45055,7940
93515,40458,45116,7941
93483,40452,45089,7942
93560,40484,45130,7946
93644,40517,45193,7934
93654,40516,45214,7924
93700,40512,45270,7918
93719,40541,45263,7915
93796,40560,45314,7922
93882,40625,45330,7927
93921,40624,45358,7939
93876,40581,45352,7943
93961,40619,45403,7939
93970,40611,45440,7919
94040,40620,45483,7937
94059,40638,45486,7935
94175,40673,45555,7947
94251,40714,45581,7956
94252,40722,45569,7961
94382,40758,45667,7957
94406,40749,45674,7983
94418,40779,45663,7976
94440,40785,45679,7976
94523,40808,45726,7989
94615,40860,45772,7983
94648,40830,45834,7984
94671,40803,45866,8002
94704,40817,45873,8014
94797,40861,45936,8000
94858,40859,45986,8013
94816,40829,45981,8006
94878,40871,45991,8016
94835,40840,46012,7983
94900,40898,46025,7977
94938,40900,46072,7966
94973,40895,46106,7972
95047,40874,46192,7981
95081,40912,46191,7978
95114,40894,46245,7975
95146,40917,46274,7955
95203,40913,46346,7944
95274,40926,46371,7977
95333,40945,46409,7979
95359,40938,46453,7968
95347,40895,46491,7961
95400,40921,46503,7976
95458,40950,46510,7998
95501,40941,46530,8030
95506,40981,46486,8039
95580,40968,46565,8047
95636,41039,46568,8029
95773,41100,46641,8032
95861,41129,46696,8036
95907,41135,46737,8035
95948,41136,46798,8014
95967,41159,46789,8019
95986,41143,46806,8037
96002,41159,46809,8034
96103,41169,46892,8042
96142,41163,46933,8046
96223,41212,46951,8060
96238,41215,46938,8085
96311,41261,46952,8098
96402,41254,47019,8129
96457,41268,47066,8123
96498,41281,47116,8101
96501,41217,47192,8092
96498,41198,47214,8086
96614,41275,47236,8103
96672,41281,47273,8118
96663,41262,47282,8119
96694,41304,47267,8123
96754,41309,47311,8134
96858,41314,47402,8142
96898,41358,47414,8126
96944,41349,47453,8142
97112,41390,47554,8168
97152,41395,47576,8181
97262,41400,47663,8199
97326,41394,47759,8173
97325,41361,47803,8161
97347,41396,47790,8161
97414,41444,47805,8165
97437,41465,47803,8169
97385,41420,47802,8163
97508,41451,47881,8176
97616,41476,47944,8196
97704,41471,48036,8197
97767,41489,48091,8187
97802,41462,48138,8202
97813,41446,48175,8192
97831,41445,48201,8185
97879,41466,48248,8165
97853,41463,48229,8161
97855,41476,48227,8152
97918,41496,48278,8144
97955,41477,48323,8155
97984,41487,48359,8138
98041,41503,48388,8150
98168,41535,48468,8165
98226,41596,48462,8168
98295,41585,48532,8178
98272,41516,48575,8181
98396,41544,48663,8189
98455,41548,48703,8204
98511,41560,48751,8200
98489,41581,48717,8191
98561,41629,48732,8200
98593,41639,48729,8225
98601,41628,48733,8240
98582,41637,48728,8217
98626,41626,48797,8203
98599,41602,48806,8191
98660,41627,48815,8218
98772,41661,48892,8219
98880,41679,48965,8236
99009,41677,49076,8256
99050,41683,49113,8254
99080,41666,49147,8267
99126,41678,49171,8277
99240,41716,49253,8271
99279,41738,49277,8264
99391,41785,49324,8282
99452,41794,49367,8291
99514,41800,49423,8291
99569,41828,49450,8291
99626,41879,49444,8303
99686,41884,49478,8324
99707,41896,49496,8315
99742,41891,49518,8333
99722,41862,49544,8316
99799,41895,49602,8302
99789,41876,49619,8294
99874,41892,49701,8281
99941,41950,49742,8249
100060,41979,49818,8263
100119,42015,49846,8258
100178,42001,49906,8271
100129,41997,49882,8250
100171,41986,49926,8259
100189,41992,49945,8252
100204,42003,49954,8247
100246,42002,49968,8276
100247,42003,49989,8255
100330,42016,50042,8272
100369,42028,50077,8264
100445,42092,50104,8249
100490,42040,50183,8267
100568,42028,50280,8260
100585,42025,50289,8271
100722,42069,50389,8264
100786,42055,50464,8267
100911,42093,50534,8284
100977,42107,50569,8301
101058,42124,50626,8308
101134,42134,50686,8314
101142,42103,50731,